 1 1 1          : Tensile_axis
 2.5525E-10     : VecBurgers
 0.5E6          : Friction seche (Peierls)
 42E9           :mu
 11              : numero systeme mobile
  1 1 1 0 0 1 1 1 1 1 0 1 : systemes forets
-1       0       1      -1      -1      -1      ! SYSTEME 1
-1       0       1       1      -1       1      ! 2
 0       1       1       1      -1       1      ! 3
 0       1       1       1       1      -1      ! 4
-1       1       0       1       1      -1      ! 5
-1       1       0      -1      -1      -1      ! 6
 1       1       0      -1       1       1      ! 7
 1       1       0       1      -1       1      ! 8
 0       1      -1      -1      -1      -1      ! 9
 0       1      -1      -1       1       1      ! 10
 1       0       1       1       1      -1      ! 11
 1       0       1      -1       1       1      ! 12

-----------------------
matrice des systemes foret pour les 12 syst cfc

 0 1 1 1 1 0 1 1 0 1 1 1      :  SYSTEME 1
 1 0 0 1 1 1 1 0 1 1 1 1      :  2
 1 0 0 1 1 1 1 0 1 1 1 1      :  3
 1 1 1 0 0 1 1 1 1 1 0 1      :  4
 1 1 1 0 0 1 1 1 1 1 0 1      :  5
 0 1 1 1 1 0 1 1 0 1 1 1      :  6
 1 1 1 1 1 1 0 1 1 0 1 0      :  7
 1 0 0 1 1 1 1 0 1 1 1 1      :  8
 0 1 1 1 1 0 1 1 0 1 1 1      :  9
 1 1 1 1 1 1 0 1 1 0 1 0      :  10
 1 1 1 0 0 1 1 1 1 1 0 1      :  11
 1 1 1 1 1 1 0 1 1 0 1 0      :  12
