    0.000000	    1.093334	    3.529921	    0.000000	    0.000000
    2.000000	    1.094816	    3.504205	    0.000000	    0.000000
    4.000000	    1.099233	    3.441116	    0.000000	    0.000000
    6.000000	    1.106504	    3.339398	    0.000000	    0.000000
    8.000000	    1.116496	    3.204398	    0.000000	    0.000000
   10.000000	    1.129032	    3.040440	    0.000000	    0.000000
   12.000000	    1.143897	    2.857677	    0.000000	    0.000000
   14.000000	    1.160850	    2.662328	    0.000000	    0.000000
   16.000000	    1.179633	    2.464210	    0.000000	    0.000000
   18.000000	    1.199981	    2.272059	    0.000000	    0.000000
   20.000000	    1.221635	    2.093249	    0.000000	    0.000000
   22.000000	    1.244351	    1.937514	    0.000000	    0.000000
   24.000000	    1.267912	    1.810017	    0.000000	    0.000000
   26.000000	    1.292133	    1.716934	    0.000000	    0.000000
   28.000000	    1.316872	    1.656067	    0.000000	    0.000000
   30.000000	    1.342024	    1.628584	    0.000000	    0.000000
   32.000000	    1.367526	    1.627180	    0.000000	    0.000000
   34.000000	    1.393343	    1.644878	    0.000000	    0.000000
   36.000000	    1.419468	    1.670611	    0.000000	    0.000000
   38.000000	    1.445898	    1.694204	    0.000000	    0.000000
   40.000000	    1.472631	    1.707827	    0.000000	    0.000000
   42.000000	    1.499650	    1.701875	    0.000000	    0.000000
   44.000000	    1.526916	    1.673180	    0.000000	    0.000000
   46.000000	    1.554360	    1.614528	    0.000000	    0.000000
   48.000000	    1.581877	    1.531785	    0.000000	    0.000000
   50.000000	    1.609333	    1.425599	    0.000000	    0.000000
   52.000000	    1.636566	    1.298154	    0.000000	    0.000000
   54.000000	    1.663386	    1.160415	    0.000000	    0.000000
   56.000000	    1.689593	    1.018835	    0.000000	    0.000000
   58.000000	    1.714983	    0.881622	    0.000000	    0.000000
   60.000000	    1.739357	    0.756015	    0.000000	    0.000000
   62.000000	    1.762534	    0.649560	    0.000000	    0.000000
   64.000000	    1.784354	    0.563957	    0.000000	    0.000000
   66.000000	    1.804687	    0.503772	    0.000000	    0.000000
   68.000000	    1.823435	    0.464993	    0.000000	    0.000000
   70.000000	    1.840528	    0.449115	    0.000000	    0.000000
   72.000000	    1.855925	    0.451990	    0.000000	    0.000000
   74.000000	    1.869612	    0.467927	    0.000000	    0.000000
   76.000000	    1.881591	    0.492624	    0.000000	    0.000000
   78.000000	    1.891878	    0.527663	    0.000000	    0.000000
   80.000000	    1.900502	    0.561724	    0.000000	    0.000000
   82.000000	    1.907495	    0.596013	    0.000000	    0.000000
   84.000000	    1.912890	    0.627139	    0.000000	    0.000000
   86.000000	    1.916718	    0.651610	    0.000000	    0.000000
   88.000000	    1.919005	    0.664952	    0.000000	    0.000000
   90.000000	    1.919763	    0.673831	    0.000000	    0.000000
   92.000000	    1.919004	    0.665539	    0.000000	    0.000000
   94.000000	    1.916717	    0.651903	    0.000000	    0.000000
   96.000000	    1.912890	    0.627041	    0.000000	    0.000000
   98.000000	    1.907495	    0.596405	    0.000000	    0.000000
  100.000000	    1.900503	    0.561138	    0.000000	    0.000000
  102.000000	    1.891879	    0.527566	    0.000000	    0.000000
  104.000000	    1.881592	    0.492821	    0.000000	    0.000000
  106.000000	    1.869614	    0.468026	    0.000000	    0.000000
  108.000000	    1.855927	    0.451502	    0.000000	    0.000000
  110.000000	    1.840530	    0.448921	    0.000000	    0.000000
  112.000000	    1.823436	    0.465581	    0.000000	    0.000000
  114.000000	    1.804689	    0.503969	    0.000000	    0.000000
  116.000000	    1.784356	    0.563959	    0.000000	    0.000000
  118.000000	    1.762536	    0.649562	    0.000000	    0.000000
  120.000000	    1.739360	    0.755823	    0.000000	    0.000000
  122.000000	    1.714986	    0.881723	    0.000000	    0.000000
  124.000000	    1.689597	    1.018349	    0.000000	    0.000000
  126.000000	    1.663389	    1.160125	    0.000000	    0.000000
  128.000000	    1.636568	    1.299819	    0.000000	    0.000000
  130.000000	    1.609337	    1.424527	    0.000000	    0.000000
  132.000000	    1.581881	    1.531105	    0.000000	    0.000000
  134.000000	    1.554363	    1.615706	    0.000000	    0.000000
  136.000000	    1.526920	    1.672694	    0.000000	    0.000000
  138.000000	    1.499654	    1.701488	    0.000000	    0.000000
  140.000000	    1.472635	    1.708418	    0.000000	    0.000000
  142.000000	    1.445902	    1.694110	    0.000000	    0.000000
  144.000000	    1.419472	    1.670517	    0.000000	    0.000000
  146.000000	    1.393348	    1.644687	    0.000000	    0.000000
  148.000000	    1.367530	    1.627185	    0.000000	    0.000000
  150.000000	    1.342029	    1.628295	    0.000000	    0.000000
  152.000000	    1.316876	    1.656560	    0.000000	    0.000000
  154.000000	    1.292137	    1.716644	    0.000000	    0.000000
  156.000000	    1.267916	    1.810119	    0.000000	    0.000000
  158.000000	    1.244355	    1.938202	    0.000000	    0.000000
  160.000000	    1.221639	    2.093058	    0.000000	    0.000000
  162.000000	    1.199986	    2.271771	    0.000000	    0.000000
  164.000000	    1.179638	    2.464117	    0.000000	    0.000000
  166.000000	    1.160855	    2.662431	    0.000000	    0.000000
  168.000000	    1.143902	    2.857487	    0.000000	    0.000000
  170.000000	    1.129037	    3.041032	    0.000000	    0.000000
  172.000000	    1.116502	    3.203328	    0.000000	    0.000000
  174.000000	    1.106509	    3.340088	    0.000000	    0.000000
  176.000000	    1.099238	    3.441121	    0.000000	    0.000000
  178.000000	    1.094821	    3.504308	    0.000000	    0.000000
  180.000000	    1.093339	    3.529921	    0.000000	    0.000000
