  0.5240438    
  0.9766723    
  0.2888876    
  5.1919937E-02
  0.6506025    
  0.7174365    
  0.5271328    
  0.6655538    
  1.0320902E-02
  0.8789670    
  0.5068910    
  0.3084455    
  0.1579156    
  7.3720932E-02
  0.3221095    
  0.6835087    
  0.3232983    
  0.3388250    
  0.9004053    
  0.8430666    
  0.3319088    
  0.1585535    
  9.0997577E-02
  0.6287409    
  0.7642492    
  0.7509888    
  0.7576563    
  0.5892223    
  0.8070127    
  0.6586865    
  0.3868946    
  0.3106755    
  0.9959946    
  0.3809798    
  0.6177059    
  0.3163540    
  0.1535834    
  0.8546396    
  0.3469127    
  9.2380524E-02
  0.9666345    
  0.5212078    
  0.4504882    
  0.6276147    
  0.9049710    
  0.8044514    
  0.2539968    
  0.8711188    
  0.2000156    
  0.4551870    
  0.3787113    
  0.2143812    
  0.8555089    
  0.4104864    
  0.5563422    
  0.8081517    
  0.4632984    
  0.7784688    
  0.9431664    
  0.1598848    
  0.9249414    
  0.5999606    
  0.8610749    
  0.1525946    
  0.1754656    
  0.1887695    
  0.8316782    
  0.5980827    
  0.1244644    
  0.4363302    
  0.7059452    
  0.6138819    
  0.9763244    
  9.4399154E-03
  0.7871712    
  0.1776840    
  0.9353901    
  6.7547411E-02
  0.7854676    
  0.2236523    
  0.9683846    
  0.7102968    
  1.4134347E-03
  0.2591767    
  0.7051426    
  0.6859511    
  0.2167274    
  0.1401786    
  0.7273335    
  0.2279188    
  0.6627849    
  0.1550865    
  0.4533917    
  3.6081910E-02
  0.3906979    
  0.4449935    
  0.6716563    
  0.2527180    
  0.4117650    
  0.8040845    
  0.7275914    
  6.2243372E-02
  0.9382637    
  0.9135373    
  6.8119526E-02
  0.8620416    
  0.5160565    
  0.4964310    
  0.4088036    
  0.8874279    
  5.3824723E-02
  0.3356441    
  0.6797573    
  0.3894137    
  0.3050730    
  0.7711607    
  0.3582653    
  0.3197615    
  0.8188070    
  0.3160329    
  0.5114557    
  0.2521875    
  0.5878545    
  0.2038607    
  0.4732868    
  0.7322143    
  0.3354251    
  0.6536464    
  0.3730462    
  0.2609303    
  0.8681810    
  0.2708102    
  0.6949948    
  0.1218659    
  0.8675207    
  0.9053255    
  0.3602191    
  0.8713379    
  0.2572523    
  0.3284720    
  0.4968841    
  0.5355845    
  0.9246348    
  0.9376628    
  0.1484767    
  0.4210501    
  0.5050410    
  0.5465077    
  0.6621353    
  6.0805589E-02
  0.6716126    
  7.1965545E-02
  0.3414392    
  0.8373327    
  0.3608637    
  0.9216293    
  0.5709240    
  0.6047814    
  0.5407558    
  0.5009584    
  0.2068479    
  0.4779555    
  0.3777938    
  0.4413967    
  0.4328493    
  0.5813756    
  0.1960100    
  0.6821011    
  0.3140365    
  0.2163230    
  0.5775616    
  0.5491558    
  0.9254867    
  0.2537200    
  0.1916997    
  0.5791403    
  0.3298325    
  5.9965253E-04
  0.3914862    
  0.4168512    
  0.4036479    
  0.6929965    
  0.8488056    
  0.7352750    
  0.8873675    
  0.9230027    
  0.6786519    
  0.9343212    
  0.6656420    
  0.4559712    
  7.6300204E-03
  0.5558042    
  0.7908779    
  0.5793412    
  0.4898185    
  0.4161889    
  0.1058872    
  0.6571666    
  0.9752696    
  0.2060903    
  0.5296987    
  0.3699062    
  0.6634182    
  0.8773568    
  0.8537027    
  2.8511465E-02
  0.5441265    
  0.3265038    
  0.7870063    
  0.9317365    
  0.2967291    
  0.4926214    
  0.9031104    
  0.6189344    
  0.2658898    
  0.6577512    
  0.9069043    
  0.8391855    
  9.6104115E-02
  0.6952236    
  0.2688088    
  0.3536555    
  0.1019382    
  0.8654533    
  0.7736831    
  0.1454549    
  0.8163974    
  0.3138480    
  0.1657286    
  0.5593138    
  7.0798099E-03
  0.2610611    
  0.9291821    
  0.8554614    
  0.4539839    
  0.2505068    
  0.2495096    
  0.9855565    
  0.6083496    
  0.4226505    
  0.4631276    
  0.9262565    
  0.9297346    
  0.1292749    
  0.8741675    
  0.7208763    
  0.9779865    
  0.1805159    
  0.4123189    
  0.7705816    
  0.4973497    
  0.9413750    
  0.8460298    
  0.5841394    
  0.7288579    
  0.7224420    
  0.5309551    
  0.7294816    
  0.2187660    
  0.5760495    
  0.4133994    
  0.3476689    
  0.2904715    
  0.3635273    
  0.6767361    
  0.5957895    
  0.5920370    
  0.6011984    
  0.4209166    
  0.2631513    
  0.5829269    
  0.7974877    
  0.7123560    
  0.7489415    
  0.9061520    
  0.1886154    
  0.1239294    
  0.7192253    
  0.5519037    
  0.3668672    
  0.4926383    
  0.2770322    
  0.3364080    
  0.4662952    
  0.2048602    
  0.1014392    
  0.1437321    
  0.9840102    
  0.6267484    
  0.7589941    
  0.1837568    
  0.4335637    
  0.2667196    
  0.1803880    
  0.7781603    
  0.5986231    
  0.5406740    
  0.9179982    
  0.2875144    
  0.4778208    
  0.5079334    
  9.1049075E-04
  9.9704683E-02
  0.5190662    
  0.6174757    
  0.8976917    
  0.6515024    
  0.9538459    
  0.3462167    
  0.3867846    
  0.5424873    
  0.4304313    
  0.7355025    
  0.9562016    
  0.8871434    
  0.2079665    
  0.6723804    
  0.5861346    
  0.2349628    
  0.9916905    
  0.5476239    
  0.1771868    
  7.9732805E-02
  0.7762810    
  0.6166887    
  0.7197974    
  0.1148202    
  0.7200881    
  0.6272215    
  0.8538998    
  3.3952415E-02
  0.7658712    
  0.3432284    
  0.1117766    
  0.8362369    
  0.5465466    
  0.9272065    
  0.2179803    
  0.7712411    
  0.1717106    
  0.6090931    
  0.6894771    
  0.5461653    
  0.7929794    
  0.3492579    
  0.2896069    
  0.2220970    
  0.8785855    
  0.4634238    
  0.2663029    
  0.9728079    
  0.2057447    
  0.7809985    
  0.3449584    
  0.5334511    
  0.3842932    
  0.8213987    
  0.8631036    
  0.4269438    
  0.8067712    
  0.7189276    
  0.7153758    
  0.4693338    
  0.4464517    
  0.4333139    
  0.2666294    
  0.8156083    
  0.9072078    
  0.8075143    
  0.1158442    
  0.3075886    
  9.3127608E-02
  0.1798580    
  0.7234677    
  0.7417447    
  0.6692104    
  0.1339130    
  0.8692031    
  0.6881545    
  0.4511684    
  0.2712821    
  0.2603232    
  0.8484042    
  0.2402887    
  0.4136548    
  0.8720298    
  0.9979647    
  0.8130538    
  0.3812661    
  0.8982891    
  0.9217625    
  0.3362283    
  0.6890252    
  0.5618969    
  0.6586813    
  0.9316198    
  0.7319195    
  0.2052603    
  0.2868158    
  0.8718222    
  0.5080554    
  0.4506942    
  0.2366907    
  0.5133030    
  0.3611215    
  0.3822652    
  4.2420298E-02
  2.6919544E-02
  0.2735794    
  0.9668363    
  0.9715365    
  0.4508426    
  0.8817583    
  5.5548847E-02
  0.4099414    
  0.1638953    
  0.3477997    
  0.3552827    
  0.2523937    
  0.8153105    
  0.3723459    
  0.3287864    
  8.7249100E-02
  0.8701583    
  0.7578096    
  0.6202558    
  0.2329503    
  0.8480009    
  0.9863189    
  0.9347839    
  0.1872498    
  0.2684950    
  0.4723637    
  0.4676573    
  3.4295440E-02
  0.5946115    
  0.9173087    
  2.9485375E-02
  0.9376545    
  0.8621948    
  9.1485560E-02
  9.2095822E-02
  0.2613590    
  0.9947923    
  0.6932394    
  0.9568291    
  0.1515418    
  0.3086182    
  0.1647706    
  0.4802668    
  0.8742900    
  0.1119755    
  0.1890565    
  0.7241811    
  0.3610309    
  0.9768907    
  0.6566461    
  9.8737419E-02
  0.9644338    
  0.2995147    
  0.2000601    
  0.1798865    
  0.6778274    
  0.4976777    
  0.8442199    
  0.2371361    
  0.4008339    
  0.7870997    
  0.5898153    
  0.2493235    
  0.5707968    
  0.7619079    
  0.1507802    
  0.5830102    
  9.6381158E-02
  0.7174264    
  0.3752944    
  0.3924014    
  0.3453825    
  1.2478739E-02
  6.0888976E-02
  0.1637492    
  0.3964455    
  0.7968939    
  0.3464521    
  8.5108936E-02
  0.3135573    
  0.6831014    
  0.4136926    
  0.8311371    
  0.5614494    
  0.8129091    
  0.3326772    
  0.2132750    
  0.4295385    
  0.2597806    
  0.7275887    
  6.0034811E-02
  0.5116326    
  0.5356743    
  0.1269982    
  0.6752377    
  0.1116542    
  0.1402267    
  0.5441445    
  0.2767269    
  0.3596159    
  0.7343066    
  0.6153911    
  0.9607805    
  0.1740556    
  0.3511900    
  0.9986266    
  0.9570769    
  0.1260412    
  0.8139874    
  0.1782349    
  0.5241187    
  0.9350756    
  0.5934033    
  0.3648191    
  0.3062363    
  0.7175298    
  0.6230153    
  0.3776487    
  0.7725302    
  0.2493782    
  0.5607386    
  0.5211223    
  0.1839836    
  0.9991928    
  0.2028450    
  0.4716004    
  3.5955936E-02
  0.4534928    
  0.5426241    
  0.4258178    
  0.5960761    
  7.8791976E-03
  8.2626253E-02
  0.5001398    
  0.3258966    
  0.2057235    
  5.6262493E-02
  0.1470168    
  0.8382598    
  0.1624503    
  9.8380089E-02
  0.9651944    
  0.9233066    
  0.3190739    
  0.1133439    
  0.1275802    
  0.7462536    
  0.5724156    
  0.8499719    
  0.2225632    
  0.4513134    
  0.4575542    
  0.8019697    
  0.9633337    
  0.2275021    
  0.2940946    
  0.8732891    
  0.6643052    
  0.5791036    
  0.1259787    
  0.6226911    
  2.4072737E-02
  0.3942512    
  0.7401624    
  0.9306957    
  0.5826783    
  0.1514896    
  6.9878250E-02
  1.9928902E-02
  0.5962391    
  0.7193965    
  0.2525865    
  1.8875003E-03
  0.7050918    
  2.7492702E-02
  0.9782258    
  0.7558867    
  0.2258258    
  0.4474074    
  0.7497844    
  0.5811948    
  0.5504919    
  0.4070436    
  0.4618334    
  0.4414101    
  0.1452676    
  0.1803815    
  0.7320402    
  0.5821512    
  0.9048532    
  0.5465192    
  0.2537445    
  0.4888595    
  0.6548792    
  0.4541362    
  0.8210174    
  0.6913386    
  0.6161239    
  6.7205608E-02
  0.4528097    
  0.8488706    
  0.4303264    
  0.1806955    
  0.9220291    
  0.3532816    
  0.7677137    
  0.7541720    
  0.9624711    
  0.6531347    
  0.9411395    
  0.2935734    
  0.7442503    
  0.8746717    
  0.8178483    
  0.3139189    
  0.2867090    
  6.0934395E-02
  3.7121773E-03
  0.1824315    
  0.6298065    
  0.5433561    
  0.6325761    
  0.2465559    
  1.7440051E-02
  0.3948655    
  0.8293800    
  0.2820956    
  0.3914631    
  0.5097414    
  0.4520076    
  0.1971569    
  0.5308015    
  9.9910110E-02
  0.4813927    
  0.8626636    
  0.4516970    
  0.7551091    
  4.0247440E-03
  1.4475822E-02
  0.5450394    
  0.8751422    
  0.8244305    
  0.4460030    
  0.4066451    
  0.7727871    
  0.8810010    
  0.2483903    
  0.1269784    
  0.1185147    
  0.5347393    
  0.8193362    
  0.6994023    
  0.7181934    
  0.4033616    
  0.3115410    
  0.4486311    
  7.9830587E-02
  0.8306450    
  6.9130510E-02
  0.9802234    
  0.6903874    
  0.5194573    
  0.5658984    
  0.8925425    
  0.8915253    
  0.1678763    
  9.9861056E-02
  0.5778108    
  0.7435949    
  5.6374073E-03
  0.3904906    
  0.9070840    
  0.8797914    
  0.2106074    
  0.7041637    
  0.6200190    
  0.4207577    
  0.6764582    
  0.4009297    
  0.8372282    
  0.9999615    
  0.8500309    
  0.7756927    
  0.4564096    
  0.3865273    
  0.9187855    
  0.5859185    
  0.4148202    
  0.5449591    
  0.9386443    
  0.5947153    
  0.3646668    
  0.4718353    
  0.1378917    
  0.9989336    
  0.2083762    
  0.1005601    
  1.3432264E-02
  0.1106791    
  0.7535019    
  0.4640670    
  2.8730959E-02
  0.2276010    
  0.9099661    
  0.3824810    
  0.4216457    
  0.4309423    
  0.4345739    
  0.4118376    
  0.8483212    
  4.5446515E-02
  0.4841232    
  0.1398855    
  0.2248938    
  0.3855179    
  0.9305869    
  0.3680853    
  0.1658568    
  0.4823979    
  0.7999664    
  0.4044442    
  1.0709614E-02
  0.5350929    
  0.1306043    
  0.9593567    
  0.7217281    
  0.7384080    
  0.2777743    
  0.2505184    
  0.1180178    
  0.8093932    
  0.5472012    
  0.5338045    
  0.7908759    
  0.3041392    
  0.8822095    
  3.1341791E-02
  0.6207595    
  0.3660656    
  4.5693398E-02
  0.5784991    
  0.8441577    
  0.1321125    
  0.8021487    
  0.2794747    
  0.7955893    
  0.4145619    
  0.3498830    
  0.5648896    
  0.3317418    
  0.2565681    
  0.4967763    
  0.4734941    
  0.9841482    
  0.6115378    
  1.0834396E-02
  0.2524957    
  0.3551427    
  0.7890575    
  7.1953654E-02
  0.1250815    
  0.6028484    
  0.4678824    
  0.3239236    
  0.2005031    
  0.8417166    
  0.8392067    
  0.2873200    
  0.3120639    
  0.4243396    
  0.3699706    
  0.8035167    
  0.5591791    
  0.7104213    
  0.6765810    
  0.5019513    
  4.8625320E-02
  0.2622108    
  0.9561418    
  0.6241899    
  0.4212506    
  0.5091413    
  0.8811389    
  0.3502449    
  0.5528347    
  4.0145814E-03
  0.7092277    
  0.6738397    
  0.4732239    
  0.4503326    
  0.2795625    
  0.5597389    
  0.2967967    
  0.3287033    
  0.3755378    
  0.2157644    
  0.3163209    
  0.5337852    
  0.9265149    
  0.6729817    
  0.9951369    
  4.1796416E-02
  0.2648848    
  0.7734107    
  0.7018408    
  0.1895978    
  0.8624642    
  0.3555053    
  0.3770437    
  0.3410250    
  0.8723885    
  0.1228654    
  7.6188684E-02
  0.7425961    
  0.7742810    
  0.6516360    
  0.8948086    
  0.2679321    
  0.6992574    
  0.1659563    
  0.3534193    
  0.7605897    
  0.5193940    
  0.7786672    
  0.2520376    
  0.7401293    
  0.3735549    
  0.7617379    
  0.1665632    
  0.2032017    
  0.6720258    
  0.3924404    
  0.9928317    
  0.3540021    
  0.4525848    
  0.7407855    
  0.9502251    
  0.5749497    
  0.1950964    
  0.4622981    
  1.4236808E-02
  0.2253235    
  0.7706810    
  0.1111020    
  0.9161774    
  0.6372895    
  0.4706615    
  0.4742978    
  0.5435262    
  0.4851986    
  0.8426778    
  0.2262791    
  7.8558743E-02
  0.1619872    
  0.1923527    
  6.6316396E-02
  0.9265779    
  0.8725250    
  6.3951373E-02
  5.5961013E-02
  6.0361445E-02
  0.9280612    
  0.1864126    
  0.9673202    
  0.7744812    
  0.5639281    
  0.4012728    
  0.8521564    
  4.4758976E-02
  0.2603217    
  0.8153185    
  0.1705957    
  8.7935835E-02
  0.4087119    
  0.4962199    
  0.1305327    
  0.3896782    
  0.1439863    
  0.5984496    
  7.8638524E-02
  0.2032540    
  0.5252640    
  0.2238630    
  0.6069102    
  0.7541728    
  0.3258423    
  0.3547451    
  0.5251166    
  0.5855023    
  0.9380521    
  0.3389007    
  0.2637295    
  0.3271083    
  0.3793849    
  0.4436222    
  0.1889398    
  0.6455996    
  0.9229650    
  0.9763092    
  0.4131300    
  0.8516864    
  0.9177017    
  0.1551922    
  0.3473661    
  4.6082735E-03
  0.6541708    
  0.6913236    
  0.5795200    
  0.2113701    
  0.2410882    
  0.6868231    
  0.5463651    
  0.1238028    
  0.7664963    
  0.1076687    
  0.4379258    
  0.5559458    
  0.4786995    
  0.4783836    
  0.9066625    
  0.8451823    
  0.9453117    
  0.5929369    
  0.4659941    
  0.7372125    
  0.6121777    
  0.1753859    
  0.8200778    
  0.3725310    
  0.7582855    
  0.1411428    
  1.9719154E-02
  0.9610602    
  0.9733391    
  0.4046590    
  0.9565206    
  0.1648471    
  0.1260984    
  2.2851050E-02
  0.9846002    
  0.2898611    
  0.6702636    
  0.1592327    
  0.7551354    
  0.2001502    
  0.2210995    
  0.2514523    
  0.2719121    
  0.3892609    
  0.6961418    
  0.1901249    
  0.7584530    
  0.9286959    
  0.4052983    
  0.8988829    
  6.8161696E-02
  0.4607447    
  0.1857836    
  0.8961496    
  1.9857049E-02
  0.1832114    
  0.8520597    
  0.2802862    
  0.8945567    
  0.8863810    
  0.4542940    
  0.7790231    
  0.5324796    
  0.7752184    
  2.5823295E-02
  0.5196940    
  0.9692215    
  0.1073463    
  0.6369735    
  0.5266578    
  0.1266757    
  0.9275724    
  0.9340960    
  0.1012551    
  0.1757846    
  0.6230093    
  0.2262433    
  0.4159192    
  0.7675940    
  0.5050671    
  0.5480499    
  8.1369132E-02
  0.7909503    
  0.7352600    
  0.9367524    
  0.6162515    
  0.6792306    
  0.7381149    
  1.4724910E-02
  0.9058635    
  0.4691568    
  0.2484645    
  0.1969179    
  0.6599679    
  0.4306435    
  0.6848509    
  0.9471527    
  0.3574965    
  0.4986643    
  0.1515059    
  0.8679389    
  0.1988572    
  0.1696898    
  0.9482303    
  0.6921611    
  0.2033106    
  0.5622009    
  0.3585876    
  0.8331982    
  0.8531787    
  0.1867334    
  0.4163902    
  0.2118768    
  0.3592858    
  0.8091920    
  0.5542461    
  0.6796401    
  0.8412164    
  0.7811227    
  0.9378905    
  0.9176377    
  0.1123173    
  0.8762305    
  0.8828505    
  0.1309188    
  8.0095142E-02
  0.3291870    
  0.6146845    
  0.4821757    
  0.7693554    
  2.1818995E-02
  0.7035761    
  0.8966068    
  0.9594441    
  0.9923547    
  0.3456139    
  0.1581916    
  0.2692554    
  0.9935925    
  0.2423882    
  0.5364290    
  0.7596942    
  0.8223729    
  0.4516626    
  0.7760911    
  0.6017814    
  0.1639121    
  0.1066028    
  0.8377787    
  0.3307233    
  0.8672035    
  0.7123562    
  0.5429306    
  0.8626045    
  0.2563921    
  0.8473785    
  0.4633524    
  0.7235266    
  0.2007698    
  0.4898057    
  2.1441519E-02
  0.2663552    
  0.2921731    
  1.1818707E-02
  0.9296897    
  0.2741162    
  0.2956255    
  0.6476256    
  0.1295679    
  0.3869064    
  0.9761128    
  0.8123983    
  1.9663900E-02
  0.9892218    
  0.5949267    
  0.4482316    
  0.9103310    
  0.1207161    
  0.6521112    
  0.7801096    
  0.7832668    
  0.4953936    
  0.9670380    
  0.2899733    
  0.2232788    
  0.1498419    
  0.8567677    
  0.9922248    
  0.9073422    
  0.4420513    
  9.2515141E-02
  0.3817116    
  0.1184866    
  0.8926323    
  0.7335345    
  0.6784617    
  0.7550242    
  8.8728666E-03
  0.1181401    
  0.6569132    
  0.5267799    
  0.8323611    
  0.9072360    
  0.9009150    
  0.2229415    
  0.8957987    
  0.6378500    
  0.7650551    
  0.7380336    
  0.6149681    
  0.8429761    
  0.1300837    
  0.7983283    
  0.3138893    
  0.6182159    
  0.3272468    
  0.3817026    
  0.9459853    
  0.4152141    
  0.2983147    
  0.7713026    
  7.5438857E-02
  0.8762854    
  0.1669014    
  0.1002640    
  0.1610245    
  0.2462754    
  0.8848059    
  0.8136212    
  0.6093236    
  0.2051364    
  0.9703388    
  0.2198291    
  0.2293572    
  0.3234157    
  0.1594116    
  0.6191045    
  0.8351852    
  0.5321401    
  0.1905733    
  0.6309348    
  7.4159354E-02
  0.7765685    
  0.1531531    
  0.7790087    
  0.6441330    
  9.7821444E-02
  0.8512337    
  0.2697925    
  0.4629845    
  0.1128276    
  0.2946058    
  0.3946038    
  0.3827984    
  9.1860890E-03
  0.7575563    
  0.4265167    
  0.3273795    
  0.9813423    
  7.5750709E-02
  1.8608034E-02
  0.8618478    
  3.8980156E-02
  0.2937169    
  6.9235802E-02
  6.9469184E-02
  5.6028575E-02
  8.1842363E-02
  0.7934906    
  0.7207845    
  0.5193747    
  0.9840587    
  0.4505548    
  2.8666258E-02
  0.4059428    
  0.3862641    
  0.5304809    
  0.1882962    
  0.5670497    
  0.1973058    
  0.3342366    
  2.9169202E-02
  0.4603237    
  0.9001381    
  0.5641317    
  0.5646582    
  0.9147537    
  5.1540017E-02
  0.2319646    
  0.8550301    
  0.3680359    
  0.2852709    
  0.7456541    
  0.8443848    
  0.9704708    
  0.2054554    
  0.5778759    
  0.1939587    
  0.4939539    
  0.6370705    
  0.6098104    
  0.6432672    
  0.6943837    
  1.9665956E-03
  0.4889001    
  0.6718718    
  0.1091172    
  0.8771147    
  0.5967079    
  2.8146207E-03
  4.8658848E-03
  0.5413463    
  4.3731600E-02
  0.3431095    
  7.4671060E-02
  0.7478898    
  1.1537671E-03
  0.9282528    
  0.6372703    
  0.9977840    
  0.9760468    
  0.3404208    
  0.5253347    
  0.1663629    
  0.4604827    
  0.8604015    
  0.8609830    
  0.7470561    
  7.5968802E-02
  0.1761177    
  0.1711153    
  0.9280453    
  0.6454521    
  0.8062842    
  0.5001646    
  0.4253880    
  3.1923175E-02
  0.2935410    
  0.2821598    
  0.8372353    
  0.7649140    
  0.8160542    
  0.9777491    
  0.2598900    
  3.1895250E-02
  0.9646140    
  0.5089836    
  0.7297144    
  4.3188423E-02
  0.6557144    
  0.5974402    
  6.6829324E-03
  0.5696068    
  4.5827150E-02
  0.7089576    
  0.1195576    
  0.5533726    
  0.2910597    
  0.8880717    
  0.2560987    
  0.1121722    
  0.7713368    
  0.9987210    
  0.2088771    
  6.0378015E-03
  4.7618508E-02
  0.3854921    
