    KK    EPS_TOT    EPS_PLA    SIGMA    GAMMA    TAU    EPS_DOT    RHO_TOT    ALPHA    ZP_X    ZP_Y    ZP_Z    TIME
     200   0.00000E+00   0.00000E+00   0.00000E+00   0.00000E+00   0.00000E+00   0.00000E+00   0.22064E+10  -0.9929279   0.0000000   0.0000000   1.0000000    0.000000000000000
     400   0.26644E+00   0.43574E-06   0.32027E+03   0.10673E-05   0.13075E+03  -0.60535E+01   0.33120E+10 211.1150010  -0.0000000   0.0000000   1.0000000    0.000000000000000
     600   0.26797E+00   0.43574E-06   0.32211E+03   0.10673E-05   0.13150E+03  -0.97787E+01   0.33120E+10 212.3306344  -0.0000000   0.0000000   1.0000000    0.000000000000000
     800   0.26950E+00   0.50704E-06   0.32395E+03   0.12420E-05   0.13225E+03   0.12573E+02   0.34985E+10 207.7762773  -0.0000000   0.0000000   1.0000000    0.000000000000000
    1000   0.27102E+00   0.43574E-06   0.32578E+03   0.10673E-05   0.13300E+03  -0.10710E+02   0.33120E+10 214.7619012  -0.0000000   0.0000000   1.0000000    0.000000000000000
    1200   0.27255E+00   0.50704E-06   0.32762E+03   0.12420E-05   0.13375E+03   0.11641E+02   0.34985E+10 210.1418517  -0.0000000   0.0000000   1.0000000    0.000000000000000
    1400   0.27408E+00   0.43574E-06   0.32946E+03   0.10673E-05   0.13450E+03  -0.11641E+02   0.33120E+10 217.1931680  -0.0000000   0.0000000   1.0000000    0.000000000000000
    1600   0.27561E+00   0.50704E-06   0.33129E+03   0.12420E-05   0.13525E+03   0.10710E+02   0.34985E+10 212.5074260  -0.0000000   0.0000000   1.0000000    0.000000000000000
    1800   0.27714E+00   0.50704E-06   0.33313E+03   0.12420E-05   0.13600E+03   0.96623E+01   0.34985E+10 213.6902131  -0.0000000   0.0000000   1.0000000    0.000000000000000
    2000   0.27867E+00   0.50704E-06   0.33497E+03   0.12420E-05   0.13675E+03   0.87310E+01   0.34985E+10 214.8730003  -0.0000000   0.0000000   1.0000000    0.000000000000000
    2200   0.28019E+00   0.51298E-06   0.33680E+03   0.12565E-05   0.13750E+03   0.84852E+01   0.35326E+10 215.0094802  -0.0000000   0.0000000   1.0000000    0.000000000000000
    2400   0.28172E+00   0.58627E-06   0.33864E+03   0.14361E-05   0.13825E+03   0.16763E+02   0.37532E+10 209.7360291  -0.0000000   0.0000000   1.0000000    0.000000000000000
    2600   0.28325E+00   0.51496E-06   0.34048E+03   0.12614E-05   0.13900E+03  -0.69848E+01   0.35667E+10 216.3210555  -0.0000000   0.0000000   1.0000000    0.000000000000000
    2800   0.28478E+00   0.58627E-06   0.34232E+03   0.14361E-05   0.13975E+03   0.15832E+02   0.37532E+10 212.0199060  -0.0000000   0.0000000   1.0000000    0.000000000000000
    3000   0.28631E+00   0.58627E-06   0.34415E+03   0.14361E-05   0.14050E+03   0.15366E+02   0.37532E+10 213.1618445  -0.0000000   0.0000000   1.0000000    0.000000000000000
    3200   0.28784E+00   0.51496E-06   0.34599E+03   0.12614E-05   0.14125E+03  -0.83817E+01   0.35667E+10 219.8352965  -0.0000000   0.0000000   1.0000000    0.000000000000000
    3400   0.28936E+00   0.51496E-06   0.34783E+03   0.12614E-05   0.14200E+03  -0.88474E+01   0.35667E+10 221.0067102  -0.0000000   0.0000000   1.0000000    0.000000000000000
    3600   0.29089E+00   0.51496E-06   0.34966E+03   0.12614E-05   0.14275E+03  -0.93130E+01   0.35667E+10 222.1781238  -0.0000000   0.0000000   1.0000000    0.000000000000000
    3800   0.29242E+00   0.51496E-06   0.35150E+03   0.12614E-05   0.14350E+03  -0.97787E+01   0.35667E+10 223.3495375  -0.0000000   0.0000000   1.0000000    0.000000000000000
    4000   0.29395E+00   0.58627E-06   0.35334E+03   0.14361E-05   0.14425E+03   0.12573E+02   0.37532E+10 218.8715367  -0.0000000   0.0000000   1.0000000    0.000000000000000
    4200   0.29548E+00   0.51496E-06   0.35518E+03   0.12614E-05   0.14500E+03  -0.10710E+02   0.35667E+10 225.6923648  -0.0000000   0.0000000   1.0000000    0.000000000000000
    4400   0.29701E+00   0.51496E-06   0.35701E+03   0.12614E-05   0.14575E+03  -0.11176E+02   0.35667E+10 226.8637785  -0.0000000   0.0000000   1.0000000    0.000000000000000
    4600   0.29853E+00   0.51496E-06   0.35885E+03   0.12614E-05   0.14650E+03  -0.11641E+02   0.35667E+10 228.0351921  -0.0000000   0.0000000   1.0000000    0.000000000000000
    4800   0.30006E+00   0.58627E-06   0.36069E+03   0.14361E-05   0.14725E+03   0.10167E+02   0.37532E+10 223.4392906  -0.0000000   0.0000000   1.0000000    0.000000000000000
    5000   0.30159E+00   0.51496E-06   0.36252E+03   0.12614E-05   0.14800E+03  -0.13620E+02   0.35667E+10 230.3780194  -0.0000000   0.0000000   1.0000000    0.000000000000000
    5200   0.30312E+00   0.58627E-06   0.36436E+03   0.14361E-05   0.14875E+03   0.85887E+01   0.37532E+10 225.7231675  -0.0000000   0.0000000   1.0000000    0.000000000000000
    5400   0.30465E+00   0.59419E-06   0.36620E+03   0.14555E-05   0.14950E+03  -0.74504E+01   0.38215E+10 224.8296978  -0.0000000   0.0000000   1.0000000    0.000000000000000
    5600   0.30618E+00   0.66549E-06   0.36804E+03   0.16301E-05   0.15025E+03   0.14901E+02   0.40080E+10 220.6414987  -0.0000000   0.0000000   1.0000000    0.000000000000000
    5800   0.30771E+00   0.66549E-06   0.36987E+03   0.16301E-05   0.15100E+03   0.14435E+02   0.40080E+10 221.7465479  -0.0000000   0.0000000   1.0000000    0.000000000000000
    6000   0.30923E+00   0.59419E-06   0.37171E+03   0.14555E-05   0.15175E+03  -0.88474E+01   0.38215E+10 228.2247771  -0.0000000   0.0000000   1.0000000    0.000000000000000
    6200   0.31076E+00   0.66549E-06   0.37355E+03   0.16301E-05   0.15250E+03   0.13504E+02   0.40080E+10 223.9566464  -0.0000000   0.0000000   1.0000000    0.000000000000000
    6400   0.31229E+00   0.59419E-06   0.37538E+03   0.14555E-05   0.15325E+03  -0.97787E+01   0.38215E+10 230.4881633  -0.0000000   0.0000000   1.0000000    0.000000000000000
    6600   0.31382E+00   0.59419E-06   0.37722E+03   0.14555E-05   0.15400E+03  -0.10244E+02   0.38215E+10 231.6198564  -0.0000000   0.0000000   1.0000000    0.000000000000000
    6800   0.31535E+00   0.59419E-06   0.37906E+03   0.14555E-05   0.15475E+03  -0.10710E+02   0.38215E+10 232.7515496  -0.0000000   0.0000000   1.0000000    0.000000000000000
    7000   0.31688E+00   0.66549E-06   0.38090E+03   0.16301E-05   0.15550E+03   0.11641E+02   0.40080E+10 228.3768434  -0.0000000   0.0000000   1.0000000    0.000000000000000
    7200   0.31840E+00   0.66549E-06   0.38273E+03   0.16301E-05   0.15625E+03   0.10671E+02   0.40080E+10 229.4818926  -0.0000000   0.0000000   1.0000000    0.000000000000000
    7400   0.31993E+00   0.59419E-06   0.38457E+03   0.14555E-05   0.15700E+03  -0.12611E+02   0.38215E+10 236.1466289  -0.0000000   0.0000000   1.0000000    0.000000000000000
    7600   0.32146E+00   0.67342E-06   0.38641E+03   0.16495E-05   0.15775E+03   0.18109E+01   0.40763E+10 229.7437474  -0.0000000   0.0000000   1.0000000    0.000000000000000
    7800   0.32299E+00   0.67342E-06   0.38824E+03   0.16495E-05   0.15850E+03  -0.88474E+01   0.40763E+10 230.8395045  -0.0000000   0.0000000   1.0000000    0.000000000000000
    8000   0.32452E+00   0.67342E-06   0.39008E+03   0.16495E-05   0.15925E+03  -0.88474E+01   0.40763E+10 231.9352617  -0.0000000   0.0000000   1.0000000    0.000000000000000
    8200   0.32605E+00   0.67342E-06   0.39192E+03   0.16495E-05   0.16000E+03  -0.93130E+01   0.40763E+10 233.0310188  -0.0000000   0.0000000   1.0000000    0.000000000000000
    8400   0.32757E+00   0.67342E-06   0.39376E+03   0.16495E-05   0.16075E+03  -0.97787E+01   0.40763E+10 234.1267759  -0.0000000   0.0000000   1.0000000    0.000000000000000
    8600   0.32910E+00   0.67342E-06   0.39559E+03   0.16495E-05   0.16150E+03  -0.10244E+02   0.40763E+10 235.2225331  -0.0000000   0.0000000   1.0000000    0.000000000000000
    8800   0.33063E+00   0.74472E-06   0.39743E+03   0.18242E-05   0.16225E+03   0.12107E+02   0.42628E+10 231.0908446  -0.0000000   0.0000000   1.0000000    0.000000000000000
    9000   0.33216E+00   0.74472E-06   0.39927E+03   0.18242E-05   0.16300E+03   0.11641E+02   0.42628E+10 232.1623632  -0.0000000   0.0000000   1.0000000    0.000000000000000
    9200   0.33369E+00   0.74472E-06   0.40110E+03   0.18242E-05   0.16375E+03   0.11176E+02   0.42628E+10 233.2338818  -0.0000000   0.0000000   1.0000000    0.000000000000000
    9400   0.33522E+00   0.75264E-06   0.40294E+03   0.18436E-05   0.16450E+03   0.18109E+01   0.43310E+10 232.4515386  -0.0000000   0.0000000   1.0000000    0.000000000000000
    9600   0.33674E+00   0.20202E-05   0.40478E+03   0.49486E-05   0.16525E+03   0.15149E+03   0.10818E+11 147.7500004  -0.0000000   0.0000000   1.0000000    0.000000000000000
    9800   0.33829E+00   0.17816E-04   0.40662E+03   0.43640E-04   0.16600E+03   0.11007E+04   0.31794E+11  86.5792432  -0.0000002   0.0000000   1.0000000    0.000000000000000
   10000   0.33989E+00   0.92575E-04   0.40845E+03   0.22676E-03   0.16675E+03   0.45514E+04   0.72963E+11  57.4108556  -0.0000009   0.0000000   1.0000000    0.000000000000000
   10200   0.34157E+00   0.24484E-03   0.41029E+03   0.59972E-03   0.16750E+03   0.76213E+04   0.11430E+12  46.0770511  -0.0000024   0.0000000   1.0000000    0.000000000000000
