KK    EPS_TOT    EPS_PLA    SIGMA    GAMMA    TAU    EPS_DOT    RHO_TOT    ALPHA    ZP_X    ZP_Y    ZP_Z    TIME
    200   0.00000E+00   0.00000E+00   0.00000E+00   0.00000E+00   0.00000E+00   0.00000E+00   0.44127E+10  -0.7021061   0.0000000   0.0000000   1.0000000    0.000000000000000
    400   0.93229E-01   0.87940E-06   0.11206E+03   0.21541E-05   0.45750E+02   0.70882E+01   0.51453E+10  58.8433381  -0.0000000   0.0000000   1.0000000    0.000000000000000
    600   0.94758E-01   0.95070E-06   0.11390E+03   0.23287E-05   0.46500E+02   0.64674E-01   0.53501E+10  58.6625885  -0.0000000   0.0000000   1.0000000    0.000000000000000
    800   0.96286E-01   0.11012E-05   0.11574E+03   0.26975E-05   0.47250E+02   0.25559E+02   0.55366E+10  58.6062991  -0.0000000   0.0000000   1.0000000    0.000000000000000
   1000   0.97814E-01   0.11012E-05   0.11758E+03   0.26975E-05   0.48000E+02   0.17656E+02   0.55366E+10  59.5465071  -0.0000000   0.0000000   1.0000000    0.000000000000000
   1200   0.99343E-01   0.11012E-05   0.11941E+03   0.26975E-05   0.48750E+02   0.10813E+02   0.55366E+10  60.4867151  -0.0000000   0.0000000   1.0000000    0.000000000000000
   1400   0.10087E+00   0.11092E-05   0.12125E+03   0.27169E-05   0.49500E+02   0.50486E-13   0.56049E+10  61.0517022  -0.0000000   0.0000000   1.0000000    0.000000000000000
   1600   0.10240E+00   0.11092E-05   0.12309E+03   0.27169E-05   0.50250E+02  -0.16631E-12   0.56049E+10  61.9861671  -0.0000000   0.0000000   1.0000000    0.000000000000000
   1800   0.10393E+00   0.11092E-05   0.12492E+03   0.27169E-05   0.51000E+02  -0.15729E+02   0.56049E+10  62.9206319  -0.0000000   0.0000000   1.0000000    0.000000000000000
   2000   0.10546E+00   0.12597E-05   0.12676E+03   0.30856E-05   0.51750E+02   0.25559E+02   0.57914E+10  62.8185053  -0.0000000   0.0000000   1.0000000    0.000000000000000
   2200   0.10698E+00   0.12597E-05   0.12860E+03   0.30856E-05   0.52500E+02   0.19661E+02   0.57914E+10  63.7378005  -0.0000000   0.0000000   1.0000000    0.000000000000000
   2400   0.10851E+00   0.12597E-05   0.13044E+03   0.30856E-05   0.53250E+02   0.10387E+02   0.57914E+10  64.6570957  -0.0000000   0.0000000   1.0000000    0.000000000000000
   2600   0.11004E+00   0.12676E-05   0.13227E+03   0.31050E-05   0.54000E+02  -0.12176E-12   0.58597E+10  65.1932905  -0.0000000   0.0000000   1.0000000    0.000000000000000
   2800   0.11157E+00   0.12676E-05   0.13411E+03   0.31050E-05   0.54750E+02   0.20788E-13   0.58597E+10  66.1072151  -0.0000000   0.0000000   1.0000000    0.000000000000000
   3000   0.11310E+00   0.14181E-05   0.13595E+03   0.34737E-05   0.55500E+02   0.31457E+02   0.60462E+10  65.9793591  -0.0000000   0.0000000   1.0000000    0.000000000000000
   3200   0.11463E+00   0.14181E-05   0.13778E+03   0.34737E-05   0.56250E+02   0.25559E+02   0.60462E+10  66.8790776  -0.0000000   0.0000000   1.0000000    0.000000000000000
   3400   0.11615E+00   0.14181E-05   0.13962E+03   0.34737E-05   0.57000E+02   0.20644E+02   0.60462E+10  67.7787962  -0.0000000   0.0000000   1.0000000    0.000000000000000
   3600   0.11768E+00   0.14241E-05   0.14146E+03   0.34883E-05   0.57750E+02   0.13232E+02   0.60803E+10  68.4854761  -0.0000000   0.0000000   1.0000000    0.000000000000000
   3800   0.11921E+00   0.14261E-05   0.14330E+03   0.34931E-05   0.58500E+02   0.23758E-13   0.61144E+10  69.1887382  -0.0000000   0.0000000   1.0000000    0.000000000000000
   4000   0.12074E+00   0.14261E-05   0.14513E+03   0.34931E-05   0.59250E+02  -0.68813E+01   0.61144E+10  70.0834202  -0.0000000   0.0000000   1.0000000    0.000000000000000
   4200   0.12227E+00   0.15766E-05   0.14697E+03   0.38618E-05   0.60000E+02   0.29491E+02   0.63009E+10  69.9197616  -0.0000000   0.0000000   1.0000000    0.000000000000000
   4400   0.12380E+00   0.15766E-05   0.14881E+03   0.38618E-05   0.60750E+02   0.24576E+02   0.63009E+10  70.8011031  -0.0000000   0.0000000   1.0000000    0.000000000000000
   4600   0.12532E+00   0.14261E-05   0.15064E+03   0.34931E-05   0.61500E+02  -0.29491E+02   0.61144E+10  72.7674661  -0.0000000   0.0000000   1.0000000    0.000000000000000
   4800   0.12685E+00   0.14261E-05   0.15248E+03   0.34931E-05   0.62250E+02  -0.34406E+02   0.61144E+10  73.6621480  -0.0000000   0.0000000   1.0000000    0.000000000000000
   5000   0.12838E+00   0.15845E-05   0.15432E+03   0.38812E-05   0.63000E+02   0.29698E-14   0.63692E+10  73.0504761  -0.0000000   0.0000000   1.0000000    0.000000000000000
   5200   0.12991E+00   0.15845E-05   0.15615E+03   0.38812E-05   0.63750E+02  -0.17695E+02   0.63692E+10  73.9270818  -0.0000000   0.0000000   1.0000000    0.000000000000000
   5400   0.13144E+00   0.17350E-05   0.15799E+03   0.42500E-05   0.64500E+02   0.26542E+02   0.65557E+10  73.7319656  -0.0000000   0.0000000   1.0000000    0.000000000000000
   5600   0.13297E+00   0.15845E-05   0.15983E+03   0.38812E-05   0.65250E+02  -0.27525E+02   0.63692E+10  75.6802933  -0.0000000   0.0000000   1.0000000    0.000000000000000
   5800   0.13450E+00   0.17430E-05   0.16167E+03   0.42694E-05   0.66000E+02   0.36217E+01   0.66240E+10  75.0702157  -0.0000000   0.0000000   1.0000000    0.000000000000000
   6000   0.13602E+00   0.17430E-05   0.16350E+03   0.42694E-05   0.66750E+02   0.00000E+00   0.66240E+10  75.9297983  -0.0000000   0.0000000   1.0000000    0.000000000000000
   6200   0.13755E+00   0.17430E-05   0.16534E+03   0.42694E-05   0.67500E+02  -0.17695E+02   0.66240E+10  76.7893810  -0.0000000   0.0000000   1.0000000    0.000000000000000
   6400   0.13908E+00   0.17430E-05   0.16718E+03   0.42694E-05   0.68250E+02  -0.22610E+02   0.66240E+10  77.6489636  -0.0000000   0.0000000   1.0000000    0.000000000000000
   6600   0.14061E+00   0.17430E-05   0.16901E+03   0.42694E-05   0.69000E+02  -0.27525E+02   0.66240E+10  78.5085462  -0.0000000   0.0000000   1.0000000    0.000000000000000
   6800   0.14214E+00   0.19014E-05   0.17085E+03   0.46575E-05   0.69750E+02   0.71275E-13   0.68787E+10  77.8844816  -0.0000000   0.0000000   1.0000000    0.000000000000000
   7000   0.14367E+00   0.19014E-05   0.17269E+03   0.46575E-05   0.70500E+02  -0.58982E+01   0.68787E+10  78.7279958  -0.0000000   0.0000000   1.0000000    0.000000000000000
   7200   0.14519E+00   0.19014E-05   0.17453E+03   0.46575E-05   0.71250E+02  -0.19661E+02   0.68787E+10  79.5715101  -0.0000000   0.0000000   1.0000000    0.000000000000000
   7400   0.14672E+00   0.20519E-05   0.17636E+03   0.50262E-05   0.72000E+02   0.24576E+02   0.70652E+10  79.3465569  -0.0000000   0.0000000   1.0000000    0.000000000000000
   7600   0.14825E+00   0.20519E-05   0.17820E+03   0.50262E-05   0.72750E+02   0.15302E+02   0.70652E+10  80.1788634  -0.0000000   0.0000000   1.0000000    0.000000000000000
   7800   0.14978E+00   0.17410E-05   0.18004E+03   0.42645E-05   0.73500E+02   0.43694E+02   0.73541E+10  79.4040041  -0.0000000   0.0000000   1.0000000    0.000000000000000
   8000   0.15131E+00   0.21866E-05   0.18187E+03   0.53561E-05   0.74250E+02   0.28366E+02   0.91034E+10  72.1017974  -0.0000000   0.0000000   1.0000000    0.000000000000000
   8200   0.15284E+00   0.27491E-05   0.18371E+03   0.67339E-05   0.75000E+02   0.20515E+02   0.11396E+11  65.0968398  -0.0000000   0.0000000   1.0000000    0.000000000000000
   8400   0.15437E+00   0.38424E-05   0.18555E+03   0.94120E-05   0.75750E+02  -0.49281E+01   0.14012E+11  59.2977476  -0.0000000   0.0000000   1.0000000    0.000000000000000
   8600   0.15590E+00   0.66510E-05   0.18739E+03   0.16291E-04   0.76500E+02   0.14147E+03   0.17188E+11  54.0742195  -0.0000001   0.0000000   1.0000000    0.000000000000000
   8800   0.15743E+00   0.97586E-05   0.18922E+03   0.23904E-04   0.77250E+02   0.19190E+03   0.20975E+11  49.4324379  -0.0000001   0.0000000   1.0000000    0.000000000000000
   9000   0.15896E+00   0.14338E-04   0.19106E+03   0.35120E-04   0.78000E+02   0.23202E+03   0.25051E+11  45.6742516  -0.0000001   0.0000000   1.0000000    0.000000000000000
   9200   0.16050E+00   0.20450E-04   0.19290E+03   0.50092E-04   0.78750E+02   0.22148E+03   0.30197E+11  42.0039428  -0.0000002   0.0000000   1.0000000    0.000000000000000
   9400   0.16203E+00   0.28634E-04   0.19473E+03   0.70139E-04   0.79500E+02   0.33616E+03   0.35242E+11  39.2538032  -0.0000003   0.0000000   1.0000000    0.000000000000000
   9600   0.16357E+00   0.39979E-04   0.19657E+03   0.97928E-04   0.80250E+02   0.59368E+03   0.41475E+11  36.5278598  -0.0000004   0.0000000   1.0000000    0.000000000000000
   9800   0.16512E+00   0.56551E-04   0.19841E+03   0.13852E-03   0.81000E+02   0.77953E+03   0.51140E+11  33.2047762  -0.0000006   0.0000000   1.0000000    0.000000000000000
  10000   0.16667E+00   0.81731E-04   0.20025E+03   0.20020E-03   0.81750E+02   0.10591E+04   0.63658E+11  30.0388155  -0.0000008   0.0000000   1.0000000    0.000000000000000
  10200   0.16824E+00   0.11886E-03   0.20208E+03   0.29115E-03   0.82500E+02   0.15408E+04   0.79537E+11  27.1214633  -0.0000012   0.0000000   1.0000000    0.000000000000000
