 1 1 1 1 1 1 0 0 0 0 0 0
                  134
               284736               284736               284736
     1      170724    141096    221472  16772        5        0      0      0      0    F        0    0
     2       23676     73404    108708   3527       15        0      0     -1     -1    F        0    0
     3       23676     73404     87546   1516        9       -1     -1     -1     -1    F        0    0
     4       32772     64308     87546   3527       15       -1     -1     -1     -1    F        0    0
     5       32772     64308     66384   1516        9       -1     -1     -1     -1    F        0    0
     6       41868     55212     66384   3527       15       -1     -1     -1     -1    F        0    0
     7       41868     55212     45222   1516        9       -1     -1     -1     -1    F        0    0
     8       50964     46116     45222   3527       15       -1     -1     -1     -1    F        0    0
     9       50964     46116     24060   1516        9       -1     -1     -1     -1    F        0    0
    10       60060     37020     24060   3527       15       -1     -1     -1     -1    F        0    0
    11       60060     37020      2898   1516        9       -1     -1     -1     -1    F        0    0
    12       69156     27924      2898   3527       15       -1     -1      0      0    F        0    0
    13      205464      3480    202728   2836       19        0      0     -1     -1    F        0    0
    14      222480      3480    202728   1531       21       -1     -1     -1     -1    F        0    0
    15      222480    279030    193542   2836       19       -1     -1     -1     -1    F        0    0
    16      239496    279030    193542   1531       21       -1     -1     -1     -1    F        0    0
    17      239496    269844    184356   2836       19       -1     -1     -1     -1    F        0    0
    18      256512    269844    184356   1531       21       -1     -1     -1     -1    F        0    0
    19      256512    260658    175170   2836       19       -1     -1     -1     -1    F        0    0
    20      273528    260658    175170   1531       21       -1     -1     -1     -1    F        0    0
    21      273528    251472    165984   2836       19       -1     -1     -1     -1    F        0    0
    22        5808    251472    165984   1531       21       -1     -1     -1     -1    F        0    0
    23        5808    242286    156798   2836       19       -1     -1     -1     -1    F        0    0
    24       22824    242286    156798   1531       21       -1     -1     -1     -1    F        0    0
    25       22824    233100    147612   2836       19       -1     -1      0      0    F        0    0
    26      203928     15168     54408   5474       29        0      0     -1     -1    F        0    0
    27      203928    267060     87252   2425       31       -1     -1     -1     -1    F        0    0
    28      189378    267060     87252   5474       29       -1     -1     -1     -1    F        0    0
    29      189378    234216    120096   2425       31       -1     -1     -1     -1    F        0    0
    30      174828    234216    120096   5474       29       -1     -1      0      0    F        0    0
    31      113916    136236    115296   2019       37        0      0     -1     -1    F        0    0
    32      101802    136236    103182   2130       39       -1     -1     -1     -1    F        0    0
    33      101802    149016    103182   2019       37       -1     -1     -1     -1    F        0    0
    34       89688    149016     91068   2130       39       -1     -1     -1     -1    F        0    0
    35       89688    161796     91068   2019       37       -1     -1     -1     -1    F        0    0
    36       77574    161796     78954   2130       39       -1     -1     -1     -1    F        0    0
    37       77574    174576     78954   2019       37       -1     -1     -1     -1    F        0    0
    38       65460    174576     66840   2130       39       -1     -1     -1     -1    F        0    0
    39       65460    187356     66840   2019       37       -1     -1     -1     -1    F        0    0
    40       53346    187356     54726   2130       39       -1     -1     -1     -1    F        0    0
    41       53346    200136     54726   2019       37       -1     -1     -1     -1    F        0    0
    42       41232    200136     42612   2130       39       -1     -1     -1     -1    F        0    0
    43       41232    212916     42612   2019       37       -1     -1      0      0    F        0    0
    44      146616     77592    139920  23669       43        0      0      0      0    F        0    0
    45      113640     66288    113676  23664        7        0      0      0      0    F        0    0
    46       30756    196812    131844   2546       13        0      0     -1     -1    F        0    0
    47       15480    212088    131844   1962       15       -1     -1     -1     -1    F        0    0
    48       15480    212088    120072   2546       13       -1     -1     -1     -1    F        0    0
    49         204    227364    120072   1962       15       -1     -1     -1     -1    F        0    0
    50         204    227364    108300   2546       13       -1     -1     -1     -1    F        0    0
    51      269664    242640    108300   1962       15       -1     -1     -1     -1    F        0    0
    52      269664    242640     96528   2546       13       -1     -1     -1     -1    F        0    0
    53      254388    257916     96528   1962       15       -1     -1     -1     -1    F        0    0
    54      254388    257916     84756   2546       13       -1     -1     -1     -1    F        0    0
    55      239112    273192     84756   1962       15       -1     -1     -1     -1    F        0    0
    56      239112    273192     72984   2546       13       -1     -1      0      0    F        0    0
    57      147480    186720    107532  23682       23        0      0      0      0    F        0    0
    58       61152    197088    196272   4052       29        0      0     -1     -1    F        0    0
    59       61152    172776    220584   2038       31       -1     -1     -1     -1    F        0    0
    60       48924    172776    220584   4052       29       -1     -1     -1     -1    F        0    0
    61       48924    148464    244896   2038       31       -1     -1     -1     -1    F        0    0
    62       36696    148464    244896   4052       29       -1     -1     -1     -1    F        0    0
    63       36696    124152    269208   2038       31       -1     -1     -1     -1    F        0    0
    64       24468    124152    269208   4052       29       -1     -1      0      0    F        0    0
    65       93660    161040     30612   7806       39        0      0     -1     -1    F        0    0
    66       93660    207876     30612   1352       33       -1     -1     -1     -1    F        0    0
    67      101772    207876     38724   7806       39       -1     -1     -1     -1    F        0    0
    68      101772    254712     38724   1352       33       -1     -1     -1     -1    F        0    0
    69      109884    254712     46836   7806       39       -1     -1      0      0    F        0    0
    70       60612     76908    206172  23724       43        0      0      0      0    F        0    0
    71      188244     50028     90312   2425        7        0      0     -1     -1    F        0    0
    72      188244     50028     75762   1379        1       -1     -1     -1     -1    F        0    0
    73      196518     58302     75762   2425        7       -1     -1     -1     -1    F        0    0
    74      196518     58302     61212   1379        1       -1     -1     -1     -1    F        0    0
    75      204792     66576     61212   2425        7       -1     -1     -1     -1    F        0    0
    76      204792     66576     46662   1379        1       -1     -1     -1     -1    F        0    0
    77      213066     74850     46662   2425        7       -1     -1     -1     -1    F        0    0
    78      213066     74850     32112   1379        1       -1     -1     -1     -1    F        0    0
    79      221340     83124     32112   2425        7       -1     -1     -1     -1    F        0    0
    80      221340     83124     17562   1379        1       -1     -1     -1     -1    F        0    0
    81      229614     91398     17562   2425        7       -1     -1     -1     -1    F        0    0
    82      229614     91398      3012   1379        1       -1     -1     -1     -1    F        0    0
    83      237888     99672      3012   2425        7       -1     -1     -1     -1    F        0    0
    84      237888     99672    273198   1379        1       -1     -1     -1     -1    F        0    0
    85      246162    107946    273198   2425        7       -1     -1      0      0    F        0    0
    86      242868    253788      4536   2556       13        0      0     -1     -1    F        0    0
    87      227532    269124      4536   1921       15       -1     -1     -1     -1    F        0    0
    88      227532    269124    277746   2556       13       -1     -1     -1     -1    F        0    0
    89      212196    284460    277746   1921       15       -1     -1     -1     -1    F        0    0
    90      212196    284460    266220   2556       13       -1     -1     -1     -1    F        0    0
    91      196860     15060    266220   1921       15       -1     -1     -1     -1    F        0    0
    92      196860     15060    254694   2556       13       -1     -1     -1     -1    F        0    0
    93      181524     30396    254694   1921       15       -1     -1     -1     -1    F        0    0
    94      181524     30396    243168   2556       13       -1     -1     -1     -1    F        0    0
    95      166188     45732    243168   1921       15       -1     -1     -1     -1    F        0    0
    96      166188     45732    231642   2556       13       -1     -1      0      0    F        0    0
    97      147324     93948    149616   5498       17        0      0     -1     -1    F        0    0
    98      147324    126936    182604   2166       19       -1     -1     -1     -1    F        0    0
    99      160320    126936    182604   5498       17       -1     -1     -1     -1    F        0    0
   100      160320    159924    215592   2166       19       -1     -1     -1     -1    F        0    0
   101      173316    159924    215592   5498       17       -1     -1      0      0    F        0    0
   102      140400    147372     81024   3155       25        0      0     -1     -1    F        0    0
   103      140400    166302     62094   2017       27       -1     -1     -1     -1    F        0    0
   104      152502    166302     62094   3155       25       -1     -1     -1     -1    F        0    0
   105      152502    185232     43164   2017       27       -1     -1     -1     -1    F        0    0
   106      164604    185232     43164   3155       25       -1     -1     -1     -1    F        0    0
   107      164604    204162     24234   2017       27       -1     -1     -1     -1    F        0    0
   108      176706    204162     24234   3155       25       -1     -1     -1     -1    F        0    0
   109      176706    223092      5304   2017       27       -1     -1     -1     -1    F        0    0
   110      188808    223092      5304   3155       25       -1     -1      0      0    F        0    0
   111      149436    271920    216348   2459       33        0      0     -1     -1    F        0    0
   112      164190    271920    231102   2257       35       -1     -1     -1     -1    F        0    0
   113      164190    258378    231102   2459       33       -1     -1     -1     -1    F        0    0
   114      178944    258378    245856   2257       35       -1     -1     -1     -1    F        0    0
   115      178944    244836    245856   2459       33       -1     -1     -1     -1    F        0    0
   116      193698    244836    260610   2257       35       -1     -1     -1     -1    F        0    0
   117      193698    231294    260610   2459       33       -1     -1     -1     -1    F        0    0
   118      208452    231294    275364   2257       35       -1     -1     -1     -1    F        0    0
   119      208452    217752    275364   2459       33       -1     -1     -1     -1    F        0    0
   120      223206    217752      5382   2257       35       -1     -1     -1     -1    F        0    0
   121      223206    204210      5382   2459       33       -1     -1      0      0    F        0    0
   122       53100    226008     56580   2085       45        0      0     -1     -1    F        0    0
   123       40590    226008     69090   1949       47       -1     -1     -1     -1    F        0    0
   124       40590    237702     69090   2085       45       -1     -1     -1     -1    F        0    0
   125       28080    237702     81600   1949       47       -1     -1     -1     -1    F        0    0
   126       28080    249396     81600   2085       45       -1     -1     -1     -1    F        0    0
   127       15570    249396     94110   1949       47       -1     -1     -1     -1    F        0    0
   128       15570    261090     94110   2085       45       -1     -1     -1     -1    F        0    0
   129        3060    261090    106620   1949       47       -1     -1     -1     -1    F        0    0
   130        3060    272784    106620   2085       45       -1     -1     -1     -1    F        0    0
   131      275286    272784    119130   1949       47       -1     -1     -1     -1    F        0    0
   132      275286    284478    119130   2085       45       -1     -1     -1     -1    F        0    0
   133      262776    284478    131640   1949       47       -1     -1     -1     -1    F        0    0
   134      262776     11436    131640   2085       45       -1     -1      0      0    F        0    0
 ------------------------------------------------------------------
 ------------------------------------------------------------------
 Latice simulation parameter =   3.511963779528625E-005
 Size of the simulation box (microns) =    10.0000000000000     
 Parallelepipede (Non : 0, Oui : PARA) :    1.00000000000000        1.00000000000000        1.00000000000000     
 Number of domains used to homogenize the density (NbUd) =                     3
 Density (*10^12) =   0.100000000000000     
 Length of sources (microns), dispertion), number of sources (total and per slip systems) =    5.00000000000000        0.00000000000000                        20                    3
 Tolerance :   0.800000000000000     
 Angular dispersion of character    1.62627012420408     
 Max :   0.178275260022097     
 Ratio of occupation in domains =   0.962962962962963     
 Histogramme of density distribution in domains    27.0000000000000     
                    1 <  1.980836237226122E-002   11.1111111111111      %
                    2 <  3.961672474452245E-002   7.40740740740741      %
                    3 <  5.942508844503787E-002   0.00000000000000      %
                    4 <  7.923344948904490E-002   7.40740740740741      %
                    5 <  9.904181584606871E-002   11.1111111111111      %
                    6 <  0.118850176890076        3.70370370370370      %
                    7 <  0.138658537934083        14.8148148148148      %
                    8 <  0.158466898978090        33.3333333333333      %
                    9 <  0.178275260022097        7.40740740740741      %
                   10 <  0.198083631692137        3.70370370370370      %
 Effective density =  0.109239903909415       10^-12
