 1 1 1 1 1 1 1 1 1 1 1 1
                  144
               126720               142560               171072
     1       72864     69696    133056    191        7       -3     -3     -1     -1    F        0    0
     2       89672     86504    149864    190       27       -1     -1     -1     -1    F        0    0
     3       81268     40282    103642    191        3       -1     -1     -1     -1    F        0    0
     4       64460     23474     86834    190       31       -1     -1     -3     -3    F        0    0
     5       66528         0    155232    191       11       -3     -3     -1     -1    F        0    0
     6       83336     16808       968    190       39       -1     -1     -1     -1    F        0    0
     7       37114      8404    125818    191       15       -1     -1     -1     -1    F        0    0
     8       20306    134156    109010    190       35       -1     -1     -3     -3    F        0    0
     9      120384      9504     91872    191       19       -3     -3     -1     -1    F        0    0
    10       10472     26312    108680    190       43       -1     -1     -1     -1    F        0    0
    11       56694     72534    117084    191       23       -1     -1     -1     -1    F        0    0
    12       39886     55726    100276    190       47       -1     -1     -3     -3    F        0    0
    13       88704     41184     63360    191       31       -3     -3     -1     -1    F        0    0
    14       97108     87406    109582    190        3       -1     -1     -1     -1    F        0    0
    15       80300     70598     92774    191       27       -1     -1     -1     -1    F        0    0
    16       71896     24376     46552    190        7       -1     -1     -3     -3    F        0    0
    17       82368    139392     31680    191       35       -3     -3     -1     -1    F        0    0
    18        1870      5236     77902    190       11       -1     -1     -1     -1    F        0    0
    19       18678     22044     94710    191       39       -1     -1     -1     -1    F        0    0
    20       99176     13640     48488    190       15       -1     -1     -3     -3    F        0    0
    21       25344     50688    161568    191       47       -3     -3     -1     -1    F        0    0
    22      105842      4466    153164    190       19       -1     -1     -1     -1    F        0    0
    23      122650     21274    169972    191       43       -1     -1     -1     -1    F        0    0
    24       42152     67496      7304    190       23       -1     -1     -3     -3    F        0    0
    25       12672     88704    145728    191       55       -3     -3     -1     -1    F        0    0
    26       71500    109714    166738    190        7       -1     -1     -1     -1    F        0    0
    27       88308    126522     12474    191       51       -1     -1     -1     -1    F        0    0
    28       29480    105512    162536    190        3       -1     -1     -3     -3    F        0    0
    29       15840     50688     41184    191       59       -3     -3     -1     -1    F        0    0
    30       36850    109516     62194    190       11       -1     -1     -1     -1    F        0    0
    31       53658    126324     79002    191       63       -1     -1     -1     -1    F        0    0
    32       32648     67496     57992    190       15       -1     -1     -3     -3    F        0    0
    33       98208     15840     44352    191       67       -3     -3     -1     -1    F        0    0
    34      119218     36850    103180    190       19       -1     -1     -1     -1    F        0    0
    35        9306     53658    119988    191       71       -1     -1     -1     -1    F        0    0
    36      115016     32648     61160    190       23       -1     -1     -3     -3    F        0    0
    37       34848    107712    107712    191       79       -3     -3     -1     -1    F        0    0
    38        9636    120318    120318    190        3       -1     -1     -1     -1    F        0    0
    39      119548    103510    103510    191       75       -1     -1     -1     -1    F        0    0
    40       18040     90904     90904    190        7       -1     -1     -3     -3    F        0    0
    41      101376     38016    107712    191       87       -3     -3     -1     -1    F        0    0
    42      113982     12804    120318    190       15       -1     -1     -1     -1    F        0    0
    43       97174    138556    103510    191       83       -1     -1     -1     -1    F        0    0
    44       84568     21208     90904    190       11       -1     -1     -3     -3    F        0    0
    45      117216     41184     85536    191       91       -3     -3     -1     -1    F        0    0
    46      104610     28578    110748    190       19       -1     -1     -1     -1    F        0    0
    47      121418     45386    127556    191       95       -1     -1     -1     -1    F        0    0
    48        7304     57992    102344    190       23       -1     -1     -3     -3    F        0    0
    49      107712     12672     50688    191        3       -3     -3     -1     -1    F        0    0
    50       90904    138424     33880    190       51       -1     -1     -1     -1    F        0    0
    51       32076    117414     12870    191        7       -1     -1     -1     -1    F        0    0
    52       48884    134222     29678    190       55       -1     -1     -3     -3    F        0    0
    53       82368    117216    158400    191       15       -3     -3     -1     -1    F        0    0
    54       65560    100408    141592    190       63       -1     -1     -1     -1    F        0    0
    55       44550     41580    120582    191       11       -1     -1     -1     -1    F        0    0
    56       61358     58388    137390    190       59       -1     -1     -3     -3    F        0    0
    57      104544     41184      3168    191       23       -3     -3     -1     -1    F        0    0
    58       87736     24376    157432    190       67       -1     -1     -1     -1    F        0    0
    59      108746     45386     45188    191       19       -1     -1     -1     -1    F        0    0
    60      125554     62194     61996    190       71       -1     -1     -3     -3    F        0    0
    61       28512     82368     88704    191       27       -3     -3     -1     -1    F        0    0
    62       20108     36146     42482    190       55       -1     -1     -1     -1    F        0    0
    63       78936     57156     63492    191       31       -1     -1     -1     -1    F        0    0
    64       87340    103378    109714    190       51       -1     -1     -3     -3    F        0    0
    65      104544     12672     82368    191       39       -3     -3     -1     -1    F        0    0
    66       58322      4268     36146    190       59       -1     -1     -1     -1    F        0    0
    67       79332     63096     57156    191       35       -1     -1     -1     -1    F        0    0
    68      125554     71500    103378    190       63       -1     -1     -3     -3    F        0    0
    69       41184     28512     60192    191       47       -3     -3     -1     -1    F        0    0
    70      121682    124850     51788    190       71       -1     -1     -1     -1    F        0    0
    71      100672    103840    164032    191       43       -1     -1     -1     -1    F        0    0
    72       20174      7502      1364    190       67       -1     -1     -3     -3    F        0    0
    73       63360     53856    145728    191       55       -3     -3     -1     -1    F        0    0
    74      122188     74866    166738    190       31       -1     -1     -1     -1    F        0    0
    75        3872    121088     41888    191       51       -1     -1     -1     -1    F        0    0
    76       71764    100078     20878    190       27       -1     -1     -3     -3    F        0    0
    77       12672     60192     79200    191       63       -3     -3     -1     -1    F        0    0
    78      118382      1364     58190    190       35       -1     -1     -1     -1    F        0    0
    79       37884      9768    104412    191       59       -1     -1     -1     -1    F        0    0
    80       58894     68596    125422    190       39       -1     -1     -3     -3    F        0    0
    81      104544     95040    129888    191       67       -3     -3     -1     -1    F        0    0
    82      125554    116050     17644    190       43       -1     -1     -1     -1    F        0    0
    83       45056     19712     26048    191       71       -1     -1     -1     -1    F        0    0
    84       24046    141262    138292    190       47       -1     -1     -3     -3    F        0    0
    85       95040     98208    145728    191       79       -3     -3     -1     -1    F        0    0
    86       69828    110814    158334    190       31       -1     -1     -1     -1    F        0    0
    87       78232     14476     33484    191       75       -1     -1     -1     -1    F        0    0
    88      103444      1870     20878    190       27       -1     -1     -3     -3    F        0    0
    89       12672     76032    139392    191       83       -3     -3     -1     -1    F        0    0
    90          66    101244    126786    190       39       -1     -1     -1     -1    F        0    0
    91       80564     92840     80564    191       87       -1     -1     -1     -1    F        0    0
    92       93170     67628     93170    190       35       -1     -1     -3     -3    F        0    0
    93       66528         0    123552    191       91       -3     -3     -1     -1    F        0    0
    94       53922    129954    148764    190       47       -1     -1     -1     -1    F        0    0
    95        7700     83732    140360    191       95       -1     -1     -1     -1    F        0    0
    96       20306     96338    115148    190       43       -1     -1     -3     -3    F        0    0
    97       85536     66528     53856    191        3       -3     -3     -1     -1    F        0    0
    98       68728     49720     37048    190       75       -1     -1     -1     -1    F        0    0
    99       93940     37114     24442    191        7       -1     -1     -1     -1    F        0    0
   100      110748     53922     41250    190       79       -1     -1     -3     -3    F        0    0
   101      117216     69696     53856    191       15       -3     -3     -1     -1    F        0    0
   102      100408     52888     37048    190       83       -1     -1     -1     -1    F        0    0
   103       87802     78100     24442    191       11       -1     -1     -1     -1    F        0    0
   104      104610     94908     41250    190       87       -1     -1     -3     -3    F        0    0
   105       57024    104544      3168    191       23       -3     -3     -1     -1    F        0    0
   106       40216     87736    157432    190       95       -1     -1     -1     -1    F        0    0
   107       52822    100342    132220    191       19       -1     -1     -1     -1    F        0    0
   108       69630    117150    149028    190       91       -1     -1     -3     -3    F        0    0
   109       19008     66528     50688    191       27       -3     -3     -1     -1    F        0    0
   110       10604     20306      4466    190       75       -1     -1     -1     -1    F        0    0
   111       35816      7700    162932    191       31       -1     -1     -1     -1    F        0    0
   112       44220     53922     38082    190       79       -1     -1     -3     -3    F        0    0
   113       19008     76032     15840    191       39       -3     -3     -1     -1    F        0    0
   114       99506     67628    140690    190       87       -1     -1     -1     -1    F        0    0
   115      112112     42416    153296    191       35       -1     -1     -1     -1    F        0    0
   116       31614     50820     28446    190       83       -1     -1     -3     -3    F        0    0
   117       50688     60192     47520    191       43       -3     -3     -1     -1    F        0    0
   118       96910    106414     55924    190       95       -1     -1     -1     -1    F        0    0
   119      109516    119020     30712    191       47       -1     -1     -1     -1    F        0    0
   120       63294     72798     22308    190       91       -1     -1     -3     -3    F        0    0
   121      123552     44352     44352    191       51       -3     -3     -1     -1    F        0    0
   122       64724     23342     23342    190       79       -1     -1     -1     -1    F        0    0
   123       39512     35948     35948    191       55       -1     -1     -1     -1    F        0    0
   124       98340     56958     56958    190       75       -1     -1     -3     -3    F        0    0
   125       28512     63360     31680    191       63       -3     -3     -1     -1    F        0    0
   126        7502      4532     10670    190       87       -1     -1     -1     -1    F        0    0
   127       20108    121880     23276    191       59       -1     -1     -1     -1    F        0    0
   128       41118     38148     44286    190       83       -1     -1     -3     -3    F        0    0
   129       91872    126720    123552    191       71       -3     -3     -1     -1    F        0    0
   130       70862    105710     64724    190       91       -1     -1     -1     -1    F        0    0
   131       58256     93104     89936    191       67       -1     -1     -1     -1    F        0    0
   132       79266    114114    148764    190       95       -1     -1     -3     -3    F        0    0
   133       63360     63360      3168    191       79       -3     -3     -1     -1    F        0    0
   134       38148     75966     15774    190       51       -1     -1     -1     -1    F        0    0
   135      106040     54956    165836    191       75       -1     -1     -1     -1    F        0    0
   136        4532     42350    153230    190       55       -1     -1     -3     -3    F        0    0
   137       15840     53856     72864    191       87       -3     -3     -1     -1    F        0    0
   138       28446     28644     85470    190       59       -1     -1     -1     -1    F        0    0
   139       49456     87472    106480    191       83       -1     -1     -1     -1    F        0    0
   140       36850    112684     93874    190       63       -1     -1     -3     -3    F        0    0
   141       47520     57024    107712    191       95       -3     -3     -1     -1    F        0    0
   142       60126     69630     82500    190       71       -1     -1     -1     -1    F        0    0
   143       39116     48620     23672    191       91       -1     -1     -1     -1    F        0    0
   144       26510     36014     48884    190       67       -1     -1     -3     -3    F        0    0
 ------------------------------------------------------------------
 ------------------------------------------------------------------
 Latice simulation parameter =   3.42839644247016359E-005
 Size of the simulation box (microns) =    4.9000000000000004     
 Parallelepipede (Non : 0, Oui : PARA) :   0.90500000000000003        1.0000000000000000        1.1980000000000000     
 Number of domains used to homogenize the density (NbUd) =                     3
 Density (*10^12) =    2.0000000000000000     
 Length of sources (microns), dispertion), number of sources (total and per slip systems) =    1.0000000000000000        0.0000000000000000                       255                    1
 Tolerance :   0.80000000000000004     
 Angular dispersion of character   0.22263255025439496     
 Max :    1.4443674014994110     
 Ratio of occupation in domains =    1.0000000000000000     
 Effective density =  7.39253275998479065E-003  10^-12
