-1 -1 0     doit etre egal a Slip% planes lu dans materiau
1 -1 1    doit etre egal a Slip % directions lu dans materiau
24        doit etre egal a Slip % Nsystemes lu dans materiau

1 0 0 
0 1 0    1 :  (-1 -1  0 ) [ 1 -1  1 ]. Dep. : [-1  1  2 ]
0 0 1

-1 0 0 
0 1 0     9 :  ( 1 -1  0 ) [-1 -1 -1 ]. Dep. : [ 1  1 -2 ]
0 0 -1
 
-1 0 0 
0 -1 0    17 :  ( 1  1  0 ) [-1  1  1 ]. Dep. : [ 1 -1  2 ]
0 0 1
 
1 0 0 
0 -1 0    25 :  (-1  1  0 ) [ 1  1 -1 ]. Dep. : [-1 -1 -2 ]
0 0 -1
 
0 1 0 
0 0 1    33 :  (-1  0 -1 ) [-1  1  1 ]. Dep. : [ 1  2 -1 ]
1 0 0

0 -1 0 
0 0 1    41 :  ( 1  0  1 ) [ 1  1 -1 ]. Dep. : [-1  2  1 ]
-1 0 0

0 -1 0 
0 0 -1    49 :  ( 1  0 -1 ) [ 1 -1  1 ]. Dep. : [-1 -2 -1 ]
1 0 0

0 1 0 
0 0 -1    57 :  (-1  0  1 ) [-1 -1 -1 ]. Dep. : [ 1 -2  1 ]
-1 0 0

0 0 1 
1 0 0    65 :  ( 0 -1 -1 ) [ 1  1 -1 ]. Dep. : [ 2 -1  1 ]
0 1 0

0 0 1 
-1 0 0    73 :  ( 0  1  1 ) [ 1 -1  1 ]. Dep. : [ 2  1 -1 ]
0 -1 0

0 0 -1 
1 0 0    81 :  ( 0 -1  1 ) [-1  1  1 ]. Dep. : [-2 -1 -1 ]
0 -1 0

0 0 -1
-1 0 0    89 :  ( 0  1 -1 ) [-1 -1 -1 ]. Dep. : [-2  1  1 ]
0 1 0

0 0 -1 
0 -1 0    97 :  ( 0  1  1 ) [-1  1 -1 ]. Dep. : [-2 -1  1 ]
-1 0 0

0 0 1 
0 -1 0   105 :  ( 0  1 -1 ) [ 1  1  1 ]. Dep. : [ 2 -1 -1 ]
1 0 0

0 0 1 
0 1 0   113 :  ( 0 -1  1 ) [ 1 -1 -1 ]. Dep. : [ 2  1  1 ]
-1 0 0

0 0 -1 
0 1 0   121 :  ( 0 -1 -1 ) [-1 -1  1 ]. Dep. : [-2  1 -1 ]
1 0 0

-1 0 0 
0 0 -1   129 :  ( 1  0  1 ) [-1 -1  1 ]. Dep. : [ 1 -2 -1 ]
0 -1 0

1 0 0 
0 0 -1   137 :  (-1  0 -1 ) [ 1 -1 -1 ]. Dep. : [-1 -2  1 ]
0 1 0

1 0 0 
0 0 1   145 :  (-1  0  1 ) [ 1  1  1 ]. Dep. : [-1  2 -1 ]
0 -1 0

-1 0 0 
0 0 1   153 :  ( 1  0 -1 ) [-1  1 -1 ]. Dep. : [ 1  2  1 ]
0 1 0

0 -1 0 
-1 0 0   161 :  ( 1  1  0 ) [ 1 -1 -1 ]. Dep. : [-1  1 -2 ]
0 0 -1

0 1 0 
-1 0 0   169 :  (-1  1  0 ) [-1 -1  1 ]. Dep. : [ 1  1  2 ]
0 0 1

0 1 0 
1 0 0   177 :  (-1 -1  0 ) [-1  1 -1 ]. Dep. : [ 1 -1 -2 ]
0 0 -1

0 -1 0 
1 0 0   185 :  ( 1 -1  0 ) [ 1  1  1 ]. Dep. : [-1 -1  2 ]
0 0 1




Resultats directs de la construction de la base des vecteurs sans inverser
le deuxieme systeme coplanaire (inverse = 1 toujours)




   Indice   Plan        Ligne  
  
    1 :  (-1 -1  0 ) [ 1 -1  1 ]. Dep. : [-1  1  2 ]
    9 :  ( 1 -1  0 ) [-1 -1 -1 ]. Dep. : [ 1  1 -2 ]
   17 :  ( 1  1  0 ) [-1  1  1 ]. Dep. : [ 1 -1  2 ]
   25 :  (-1  1  0 ) [ 1  1 -1 ]. Dep. : [-1 -1 -2 ]
   33 :  (-1  0 -1 ) [-1  1  1 ]. Dep. : [ 1  2 -1 ]
   41 :  ( 1  0  1 ) [ 1  1 -1 ]. Dep. : [-1  2  1 ]
   49 :  ( 1  0 -1 ) [ 1 -1  1 ]. Dep. : [-1 -2 -1 ]
   57 :  (-1  0  1 ) [-1 -1 -1 ]. Dep. : [ 1 -2  1 ]
   65 :  ( 0 -1 -1 ) [ 1  1 -1 ]. Dep. : [ 2 -1  1 ]
   73 :  ( 0  1  1 ) [ 1 -1  1 ]. Dep. : [ 2  1 -1 ]
   81 :  ( 0 -1  1 ) [-1  1  1 ]. Dep. : [-2 -1 -1 ]
   89 :  ( 0  1 -1 ) [-1 -1 -1 ]. Dep. : [-2  1  1 ]
   97 :  ( 0  1  1 ) [-1  1 -1 ]. Dep. : [-2 -1  1 ]
  105 :  ( 0  1 -1 ) [ 1  1  1 ]. Dep. : [ 2 -1 -1 ]
  113 :  ( 0 -1  1 ) [ 1 -1 -1 ]. Dep. : [ 2  1  1 ]
  121 :  ( 0 -1 -1 ) [-1 -1  1 ]. Dep. : [-2  1 -1 ]
  129 :  ( 1  0  1 ) [-1 -1  1 ]. Dep. : [ 1 -2 -1 ]
  137 :  (-1  0 -1 ) [ 1 -1 -1 ]. Dep. : [-1 -2  1 ]
  145 :  (-1  0  1 ) [ 1  1  1 ]. Dep. : [-1  2 -1 ]
  153 :  ( 1  0 -1 ) [-1  1 -1 ]. Dep. : [ 1  2  1 ]
  161 :  ( 1  1  0 ) [ 1 -1 -1 ]. Dep. : [-1  1 -2 ]
  169 :  (-1  1  0 ) [-1 -1  1 ]. Dep. : [ 1  1  2 ]
  177 :  (-1 -1  0 ) [-1  1 -1 ]. Dep. : [ 1 -1 -2 ]
  185 :  ( 1 -1  0 ) [ 1  1  1 ]. Dep. : [-1 -1  2 ]
