1 1 0     doit etre egal a Slip% planes lu dans materiau
1 -1 1    doit etre egal a Slip % directions lu dans materiau
12        doit etre egal a Slip % Nsystemes lu dans materiau

1 0 0 
0 1 0    1: (    1     1     0 )[     3     -3      3 ]
0 0 1

0 -1 0 
0 0 -1    49: (   -1     0     1 )[     3     -3      3 ]
1 0 0

0 0 1 
-1 0 0  73: (    0    -1    -1 )[     3     -3      3 ].
0 -1 0

0 0 1 
0 -1 0  105: (    0    -1     1 )[     3      3      3 ]
1 0 0

1 0 0 
0 0 1   145: (    1     0    -1 )[     3      3      3 ]
0 -1 0

0 -1 0 
1 0 0   185: (   -1     1     0 )[     3      3      3 ].
0 0 1

 
-1 0 0 
0 -1 0  17: (   -1    -1     0 )[    -3      3      3 ]
0 0 1

 
0 1 0 
0 0 1    33: (    1     0     1 )[    -3      3      3 ]
1 0 0

0 0 -1 
1 0 0     81: (    0     1    -1 )[    -3      3      3 ]
0 -1 0
 
1 0 0 
0 -1 0    25: (    1    -1     0 )[     3      3     -3 ]
0 0 -1

0 -1 0 
0 0 1   41: (   -1     0    -1 )[     3      3     -3 ]
-1 0 0

0 0 1 
1 0 0    65: (    0     1     1 )[     3      3     -3 ]
0 1 0




   
 Indice        plan       ligne                 deplacement 
  1: (    1     1     0 )[     3     -3      3 ]. Dep: [     2     -2     -4 ]
     -----------------------------------------------------
  
  9: (   -1     0     1 )[     3     -3      3 ]. Dep: [     2      4      2 ]
     -----------------------------------------------------
  
 17: (    0    -1    -1 )[     3     -3      3 ]. Dep: [    -4     -2      2 ]
     -----------------------------------------------------
  
 25: (    0    -1     1 )[     3      3      3 ]. Dep: [    -4      2      2 ]
     -----------------------------------------------------
  
 33: (    1     0    -1 )[     3      3      3 ]. Dep: [     2     -4      2 ]
     -----------------------------------------------------
  
 41: (   -1     1     0 )[     3      3      3 ]. Dep: [     2      2     -4 ]
     -----------------------------------------------------
  
 49: (   -1    -1     0 )[    -3      3      3 ]. Dep: [    -2      2     -4 ]
     -----------------------------------------------------
  
 57: (    1     0     1 )[    -3      3      3 ]. Dep: [    -2     -4      2 ]
     -----------------------------------------------------
  
 65: (    0     1    -1 )[    -3      3      3 ]. Dep: [     4      2      2 ]
     -----------------------------------------------------
  
 73: (    1    -1     0 )[     3      3     -3 ]. Dep: [     2      2      4 ]
     -----------------------------------------------------
  
 81: (   -1     0    -1 )[     3      3     -3 ]. Dep: [     2     -4     -2 ]
     -----------------------------------------------------
  
 89: (    0     1     1 )[     3      3     -3 ]. Dep: [    -4      2     -2 ]
     -----------------------------------------------------
  

















-1 0 0 
0 1 0   9: (   -1     1     0 )[    -3     -3     -3 ]
0 0 -1

0 1 0 
0 0 -1  57: (    1     0    -1 )[    -3     -3     -3 ]
-1 0 0

0 0 -1
-1 0 0  89: (    0    -1     1 )[    -3     -3     -3 ]
0 1 0

0 0 -1 
0 -1 0  97: (    0    -1    -1 )[    -3      3     -3 ]
-1 0 0


0 0 1 
0 1 0 113: (    0     1    -1 )[     3     -3     -3 ]
-1 0 0

0 0 -1 
0 1 0 121: (    0     1     1 )[    -3     -3      3 ]
1 0 0

-1 0 0 
0 0 -1 129: (   -1     0    -1 )[    -3     -3      3 ]
0 -1 0

1 0 0 
0 0 -1 137: (    1     0     1 )[     3     -3     -3 ]
0 1 0

-1 0 0 
0 0 1 153: (   -1     0     1 )[    -3      3     -3 ]
0 1 0

0 -1 0 
-1 0 0 161: (   -1    -1     0 )[     3     -3     -3 ]
0 0 -1

0 1 0 
-1 0 0 169: (    1    -1     0 )[    -3     -3      3 ].
0 0 1

0 1 0 
1 0 0 177: (    1     1     0 )[    -3      3     -3 ].
0 0 -1




















Resultats directs de la construction de la base des vecteurs sans inverser
le deuxieme systeme coplanaire (inverse = 1 toujours)




