    KK    EPS_TOT    EPS_PLA    SIGMA    GAMMA    TAU    EPS_DOT    RHO_TOT    ALPHA    ZP_X    ZP_Y    ZP_Z    TIME
     200   0.00000E+00   0.00000E+00   0.00000E+00   0.00000E+00   0.00000E+00   0.00000E+00   0.25477E+10  -0.9240236   0.0000000   0.0000000   1.0000000    0.000000000000000
     400   0.00000E+00   0.00000E+00   0.00000E+00   0.00000E+00   0.00000E+00   0.00000E+00   0.25477E+10  -0.9240236   0.0000000   0.0000000   1.0000000    0.000000000000000
     600   0.00000E+00   0.00000E+00   0.00000E+00   0.00000E+00   0.00000E+00   0.00000E+00   0.25477E+10  -0.9240236   0.0000000   0.0000000   1.0000000    0.000000000000000
     800   0.00000E+00   0.00000E+00   0.00000E+00   0.00000E+00   0.00000E+00   0.00000E+00   0.25477E+10  -0.9240236   0.0000000   0.0000000   1.0000000    0.000000000000000
    1000   0.00000E+00   0.00000E+00   0.00000E+00   0.00000E+00   0.00000E+00   0.00000E+00   0.25477E+10  -0.9240236   0.0000000   0.0000000   1.0000000    0.000000000000000
    1200   0.00000E+00   0.00000E+00   0.00000E+00   0.00000E+00   0.00000E+00   0.00000E+00   0.25477E+10  -0.9240236   0.0000000   0.0000000   1.0000000    0.000000000000000
    1400   0.00000E+00   0.00000E+00   0.00000E+00   0.00000E+00   0.00000E+00   0.00000E+00   0.25477E+10  -0.9240236   0.0000000   0.0000000   1.0000000    0.000000000000000
    1600   0.00000E+00   0.00000E+00   0.00000E+00   0.00000E+00   0.00000E+00   0.00000E+00   0.25477E+10  -0.9240236   0.0000000   0.0000000   1.0000000    0.000000000000000
    1800   0.00000E+00   0.00000E+00   0.00000E+00   0.00000E+00   0.00000E+00   0.00000E+00   0.25477E+10  -0.9240236   0.0000000   0.0000000   1.0000000    0.000000000000000
    2000   0.00000E+00   0.00000E+00   0.00000E+00   0.00000E+00   0.00000E+00   0.00000E+00   0.25477E+10  -0.9240236   0.0000000   0.0000000   1.0000000    0.000000000000000
    2200   0.00000E+00   0.00000E+00   0.00000E+00   0.00000E+00   0.00000E+00   0.00000E+00   0.25477E+10  -0.9240236   0.0000000   0.0000000   1.0000000    0.000000000000000
    2400   0.00000E+00   0.00000E+00   0.00000E+00   0.00000E+00   0.00000E+00   0.00000E+00   0.25477E+10  -0.9240236   0.0000000   0.0000000   1.0000000    0.000000000000000
    2600   0.00000E+00   0.00000E+00   0.00000E+00   0.00000E+00   0.00000E+00   0.00000E+00   0.25477E+10  -0.9240236   0.0000000   0.0000000   1.0000000    0.000000000000000
    2800   0.00000E+00   0.00000E+00   0.00000E+00   0.00000E+00   0.00000E+00   0.00000E+00   0.25477E+10  -0.9240236   0.0000000   0.0000000   1.0000000    0.000000000000000
    3000   0.00000E+00   0.00000E+00   0.00000E+00   0.00000E+00   0.00000E+00   0.00000E+00   0.25477E+10  -0.9240236   0.0000000   0.0000000   1.0000000    0.000000000000000
    3200   0.00000E+00   0.00000E+00   0.00000E+00   0.00000E+00   0.00000E+00   0.00000E+00   0.25477E+10  -0.9240236   0.0000000   0.0000000   1.0000000    0.000000000000000
    3400   0.00000E+00   0.00000E+00   0.00000E+00   0.00000E+00   0.00000E+00   0.00000E+00   0.25477E+10  -0.9240236   0.0000000   0.0000000   1.0000000    0.000000000000000
    3600   0.00000E+00   0.00000E+00   0.00000E+00   0.00000E+00   0.00000E+00   0.00000E+00   0.25477E+10  -0.9240236   0.0000000   0.0000000   1.0000000    0.000000000000000
    3800   0.00000E+00   0.00000E+00   0.00000E+00   0.00000E+00   0.00000E+00   0.00000E+00   0.25477E+10  -0.9240236   0.0000000   0.0000000   1.0000000    0.000000000000000
    4000   0.00000E+00   0.00000E+00   0.00000E+00   0.00000E+00   0.00000E+00   0.00000E+00   0.25477E+10  -0.9240236   0.0000000   0.0000000   1.0000000    0.000000000000000
    4200   0.00000E+00   0.00000E+00   0.00000E+00   0.00000E+00   0.00000E+00   0.00000E+00   0.25477E+10  -0.9240236   0.0000000   0.0000000   1.0000000    0.000000000000000
    4400   0.00000E+00   0.00000E+00   0.00000E+00   0.00000E+00   0.00000E+00   0.00000E+00   0.25477E+10  -0.9240236   0.0000000   0.0000000   1.0000000    0.000000000000000
    4600   0.00000E+00   0.00000E+00   0.00000E+00   0.00000E+00   0.00000E+00   0.00000E+00   0.25477E+10  -0.9240236   0.0000000   0.0000000   1.0000000    0.000000000000000
    4800   0.00000E+00   0.00000E+00   0.00000E+00   0.00000E+00   0.00000E+00   0.00000E+00   0.25477E+10  -0.9240236   0.0000000   0.0000000   1.0000000    0.000000000000000
    5000   0.00000E+00   0.00000E+00   0.00000E+00   0.00000E+00   0.00000E+00   0.00000E+00   0.25477E+10  -0.9240236   0.0000000   0.0000000   1.0000000    0.000000000000000
    5200   0.00000E+00   0.00000E+00   0.00000E+00   0.00000E+00   0.00000E+00   0.00000E+00   0.25477E+10  -0.9240236   0.0000000   0.0000000   1.0000000    0.000000000000000
    5400   0.00000E+00   0.00000E+00   0.00000E+00   0.00000E+00   0.00000E+00   0.00000E+00   0.25477E+10  -0.9240236   0.0000000   0.0000000   1.0000000    0.000000000000000
    5600   0.00000E+00   0.00000E+00   0.00000E+00   0.00000E+00   0.00000E+00   0.00000E+00   0.25477E+10  -0.9240236   0.0000000   0.0000000   1.0000000    0.000000000000000
    5800   0.00000E+00   0.00000E+00   0.00000E+00   0.00000E+00   0.00000E+00   0.00000E+00   0.25477E+10  -0.9240236   0.0000000   0.0000000   1.0000000    0.000000000000000
    6000   0.00000E+00   0.00000E+00   0.00000E+00   0.00000E+00   0.00000E+00   0.00000E+00   0.25477E+10  -0.9240236   0.0000000   0.0000000   1.0000000    0.000000000000000
    6200   0.00000E+00   0.00000E+00   0.00000E+00   0.00000E+00   0.00000E+00   0.00000E+00   0.25477E+10  -0.9240236   0.0000000   0.0000000   1.0000000    0.000000000000000
    6400   0.00000E+00   0.00000E+00   0.00000E+00   0.00000E+00   0.00000E+00   0.00000E+00   0.25477E+10  -0.9240236   0.0000000   0.0000000   1.0000000    0.000000000000000
    6600   0.00000E+00   0.00000E+00   0.00000E+00   0.00000E+00   0.00000E+00   0.00000E+00   0.25477E+10  -0.9240236   0.0000000   0.0000000   1.0000000    0.000000000000000
    6800   0.00000E+00   0.00000E+00   0.00000E+00   0.00000E+00   0.00000E+00   0.00000E+00   0.25477E+10  -0.9240236   0.0000000   0.0000000   1.0000000    0.000000000000000
    7000   0.00000E+00   0.00000E+00   0.00000E+00   0.00000E+00   0.00000E+00   0.00000E+00   0.25477E+10  -0.9240236   0.0000000   0.0000000   1.0000000    0.000000000000000
    7200   0.00000E+00   0.00000E+00   0.00000E+00   0.00000E+00   0.00000E+00   0.00000E+00   0.25477E+10  -0.9240236   0.0000000   0.0000000   1.0000000    0.000000000000000
    7400   0.00000E+00   0.00000E+00   0.00000E+00   0.00000E+00   0.00000E+00   0.00000E+00   0.25477E+10  -0.9240236   0.0000000   0.0000000   1.0000000    0.000000000000000
    7600   0.00000E+00   0.00000E+00   0.00000E+00   0.00000E+00   0.00000E+00   0.00000E+00   0.25477E+10  -0.9240236   0.0000000   0.0000000   1.0000000    0.000000000000000
    7800   0.00000E+00   0.00000E+00   0.00000E+00   0.00000E+00   0.00000E+00   0.00000E+00   0.25477E+10  -0.9240236   0.0000000   0.0000000   1.0000000    0.000000000000000
    8000   0.00000E+00   0.00000E+00   0.00000E+00   0.00000E+00   0.00000E+00   0.00000E+00   0.25477E+10  -0.9240236   0.0000000   0.0000000   1.0000000    0.000000000000000
    8200   0.00000E+00   0.00000E+00   0.00000E+00   0.00000E+00   0.00000E+00   0.00000E+00   0.25477E+10  -0.9240236   0.0000000   0.0000000   1.0000000    0.000000000000000
    8400   0.00000E+00   0.00000E+00   0.00000E+00   0.00000E+00   0.00000E+00   0.00000E+00   0.25477E+10  -0.9240236   0.0000000   0.0000000   1.0000000    0.000000000000000
    8600   0.00000E+00   0.00000E+00   0.00000E+00   0.00000E+00   0.00000E+00   0.00000E+00   0.25477E+10  -0.9240236   0.0000000   0.0000000   1.0000000    0.000000000000000
    8800   0.00000E+00   0.00000E+00   0.00000E+00   0.00000E+00   0.00000E+00   0.00000E+00   0.25477E+10  -0.9240236   0.0000000   0.0000000   1.0000000    0.000000000000000
    9000   0.00000E+00   0.00000E+00   0.00000E+00   0.00000E+00   0.00000E+00   0.00000E+00   0.25477E+10  -0.9240236   0.0000000   0.0000000   1.0000000    0.000000000000000
    9200   0.00000E+00   0.00000E+00   0.00000E+00   0.00000E+00   0.00000E+00   0.00000E+00   0.25477E+10  -0.9240236   0.0000000   0.0000000   1.0000000    0.000000000000000
    9400   0.00000E+00   0.00000E+00   0.00000E+00   0.00000E+00   0.00000E+00   0.00000E+00   0.25477E+10  -0.9240236   0.0000000   0.0000000   1.0000000    0.000000000000000
    9600   0.00000E+00   0.00000E+00   0.00000E+00   0.00000E+00   0.00000E+00   0.00000E+00   0.25477E+10  -0.9240236   0.0000000   0.0000000   1.0000000    0.000000000000000
    9800   0.00000E+00   0.00000E+00   0.00000E+00   0.00000E+00   0.00000E+00   0.00000E+00   0.25477E+10  -0.9240236   0.0000000   0.0000000   1.0000000    0.000000000000000
   10000   0.00000E+00   0.00000E+00   0.00000E+00   0.00000E+00   0.00000E+00   0.00000E+00   0.25477E+10  -0.9240236   0.0000000   0.0000000   1.0000000    0.000000000000000
   10200   0.00000E+00   0.00000E+00   0.00000E+00   0.00000E+00   0.00000E+00   0.00000E+00   0.25477E+10  -0.9240236   0.0000000   0.0000000   1.0000000    0.000000000000000
   10400   0.00000E+00   0.00000E+00   0.00000E+00   0.00000E+00   0.00000E+00   0.00000E+00   0.25477E+10  -0.9240236   0.0000000   0.0000000   1.0000000    0.000000000000000
   10600   0.00000E+00   0.00000E+00   0.00000E+00   0.00000E+00   0.00000E+00   0.00000E+00   0.25477E+10  -0.9240236   0.0000000   0.0000000   1.0000000    0.000000000000000
   10800   0.00000E+00   0.00000E+00   0.00000E+00   0.00000E+00   0.00000E+00   0.00000E+00   0.25477E+10  -0.9240236   0.0000000   0.0000000   1.0000000    0.000000000000000
   11000   0.00000E+00   0.00000E+00   0.00000E+00   0.00000E+00   0.00000E+00   0.00000E+00   0.25477E+10  -0.9240236   0.0000000   0.0000000   1.0000000    0.000000000000000
   11200   0.00000E+00   0.00000E+00   0.00000E+00   0.00000E+00   0.00000E+00   0.00000E+00   0.25477E+10  -0.9240236   0.0000000   0.0000000   1.0000000    0.000000000000000
   11400   0.00000E+00   0.00000E+00   0.00000E+00   0.00000E+00   0.00000E+00   0.00000E+00   0.25477E+10  -0.9240236   0.0000000   0.0000000   1.0000000    0.000000000000000
   11600   0.00000E+00   0.00000E+00   0.00000E+00   0.00000E+00   0.00000E+00   0.00000E+00   0.25477E+10  -0.9240236   0.0000000   0.0000000   1.0000000    0.000000000000000
   11800   0.00000E+00   0.00000E+00   0.00000E+00   0.00000E+00   0.00000E+00   0.00000E+00   0.25477E+10  -0.9240236   0.0000000   0.0000000   1.0000000    0.000000000000000
   12000   0.00000E+00   0.00000E+00   0.00000E+00   0.00000E+00   0.00000E+00   0.00000E+00   0.25477E+10  -0.9240236   0.0000000   0.0000000   1.0000000    0.000000000000000
   12200   0.00000E+00   0.00000E+00   0.00000E+00   0.00000E+00   0.00000E+00   0.00000E+00   0.25477E+10  -0.9240236   0.0000000   0.0000000   1.0000000    0.000000000000000
