    EPS_PLA    JONC    GD    LL    SWEEP_S    SWEEP_E    SWEEP_M    RHO_1    RHO_2    LENGTH_1    LENGTH_2    TAU_1    TAU_2    DensLoop    DensInf    DensFreeInf    Nloop    NInfline    GD1    GD2    OldGD1    OldGD2
    0.00000E+00      0      0     66    0.00000E+00    0.00000E+00    0.00000E+00    0.00000E+00    0.00000E+00    0.00000E+00    0.00000E+00    0.00000E+00    0.00000E+00    0.00000E+00    0.00000E+00    0.00000E+00      0      0      0      0      0      0
    0.12665E-01      0      0      2    0.40334E+07    0.11710E+07    0.16947E+08    0.00000E+00    0.00000E+00    0.00000E+00    0.00000E+00    0.00000E+00    0.00000E+00    0.00000E+00    0.00000E+00    0.00000E+00      0      0      0      0      0      0
    0.24143E-01      0      0     12    0.75781E+07    0.21575E+07    0.32490E+08    0.00000E+00    0.00000E+00    0.00000E+00    0.00000E+00    0.00000E+00    0.00000E+00    0.00000E+00    0.00000E+00    0.00000E+00      0      0      0      0      0      0
    0.30166E-01      0      0      0    0.95312E+07    0.26283E+07    0.40601E+08    0.00000E+00    0.00000E+00    0.00000E+00    0.00000E+00    0.00000E+00    0.00000E+00    0.00000E+00    0.00000E+00    0.00000E+00      0      0      0      0      0      0
    0.36112E-01      0      0     15    0.11371E+08    0.30981E+07    0.48690E+08    0.00000E+00    0.00000E+00    0.00000E+00    0.00000E+00    0.00000E+00    0.00000E+00    0.00000E+00    0.00000E+00    0.00000E+00      0      0      0      0      0      0
    0.36108E-01      0      0      7    0.11371E+08    0.30981E+07    0.48684E+08    0.00000E+00    0.00000E+00    0.00000E+00    0.00000E+00    0.00000E+00    0.00000E+00    0.00000E+00    0.00000E+00    0.00000E+00      0      0      0      0      0      0
    0.36109E-01      0      0      7    0.11371E+08    0.30981E+07    0.48684E+08    0.00000E+00    0.00000E+00    0.00000E+00    0.00000E+00    0.00000E+00    0.00000E+00    0.00000E+00    0.00000E+00    0.00000E+00      0      0      0      0      0      0
    0.36109E-01      0      0      7    0.11371E+08    0.30981E+07    0.48685E+08    0.00000E+00    0.00000E+00    0.00000E+00    0.00000E+00    0.00000E+00    0.00000E+00    0.00000E+00    0.00000E+00    0.00000E+00      0      0      0      0      0      0
    0.36109E-01      0      0      0    0.11371E+08    0.30981E+07    0.48685E+08    0.00000E+00    0.00000E+00    0.00000E+00    0.00000E+00    0.00000E+00    0.00000E+00    0.00000E+00    0.00000E+00    0.00000E+00      0      0      0      0      0      0
    0.36109E-01      0      0      0    0.11371E+08    0.30981E+07    0.48685E+08    0.00000E+00    0.00000E+00    0.00000E+00    0.00000E+00    0.00000E+00    0.00000E+00    0.00000E+00    0.00000E+00    0.00000E+00      0      0      0      0      0      0
    0.36109E-01      0      0      0    0.11371E+08    0.30981E+07    0.48685E+08    0.00000E+00    0.00000E+00    0.00000E+00    0.00000E+00    0.00000E+00    0.00000E+00    0.00000E+00    0.00000E+00    0.00000E+00      0      0      0      0      0      0
    0.36109E-01      0      0      0    0.11371E+08    0.30981E+07    0.48685E+08    0.00000E+00    0.00000E+00    0.00000E+00    0.00000E+00    0.00000E+00    0.00000E+00    0.00000E+00    0.00000E+00    0.00000E+00      0      0      0      0      0      0
    0.36109E-01      0      0      7    0.11371E+08    0.30981E+07    0.48684E+08    0.00000E+00    0.00000E+00    0.00000E+00    0.00000E+00    0.00000E+00    0.00000E+00    0.00000E+00    0.00000E+00    0.00000E+00      0      0      0      0      0      0
    0.36108E-01      0      0      7    0.11371E+08    0.30981E+07    0.48684E+08    0.00000E+00    0.00000E+00    0.00000E+00    0.00000E+00    0.00000E+00    0.00000E+00    0.00000E+00    0.00000E+00    0.00000E+00      0      0      0      0      0      0
    0.36109E-01      0      0      0    0.11371E+08    0.30981E+07    0.48685E+08    0.00000E+00    0.00000E+00    0.00000E+00    0.00000E+00    0.00000E+00    0.00000E+00    0.00000E+00    0.00000E+00    0.00000E+00      0      0      0      0      0      0
    0.36108E-01      0      0      7    0.11371E+08    0.30981E+07    0.48684E+08    0.00000E+00    0.00000E+00    0.00000E+00    0.00000E+00    0.00000E+00    0.00000E+00    0.00000E+00    0.00000E+00    0.00000E+00      0      0      0      0      0      0
    0.36109E-01      0      0      7    0.11371E+08    0.30981E+07    0.48684E+08    0.00000E+00    0.00000E+00    0.00000E+00    0.00000E+00    0.00000E+00    0.00000E+00    0.00000E+00    0.00000E+00    0.00000E+00      0      0      0      0      0      0
    0.36108E-01      0      0      7    0.11371E+08    0.30981E+07    0.48684E+08    0.00000E+00    0.00000E+00    0.00000E+00    0.00000E+00    0.00000E+00    0.00000E+00    0.00000E+00    0.00000E+00    0.00000E+00      0      0      0      0      0      0
    0.36108E-01      0      0      0    0.11371E+08    0.30981E+07    0.48684E+08    0.00000E+00    0.00000E+00    0.00000E+00    0.00000E+00    0.00000E+00    0.00000E+00    0.00000E+00    0.00000E+00    0.00000E+00      0      0      0      0      0      0
    0.36109E-01      0      0      0    0.11371E+08    0.30981E+07    0.48685E+08    0.00000E+00    0.00000E+00    0.00000E+00    0.00000E+00    0.00000E+00    0.00000E+00    0.00000E+00    0.00000E+00    0.00000E+00      0      0      0      0      0      0
    0.36109E-01      0      0      0    0.11371E+08    0.30981E+07    0.48684E+08    0.00000E+00    0.00000E+00    0.00000E+00    0.00000E+00    0.00000E+00    0.00000E+00    0.00000E+00    0.00000E+00    0.00000E+00      0      0      0      0      0      0
    0.36109E-01      0      0      0    0.11371E+08    0.30981E+07    0.48685E+08    0.00000E+00    0.00000E+00    0.00000E+00    0.00000E+00    0.00000E+00    0.00000E+00    0.00000E+00    0.00000E+00    0.00000E+00      0      0      0      0      0      0
    0.36105E-01      0      0      0    0.11371E+08    0.30981E+07    0.48679E+08    0.00000E+00    0.00000E+00    0.00000E+00    0.00000E+00    0.00000E+00    0.00000E+00    0.00000E+00    0.00000E+00    0.00000E+00      0      0      0      0      0      0
    0.36107E-01      0      0      7    0.11371E+08    0.30981E+07    0.48681E+08    0.00000E+00    0.00000E+00    0.00000E+00    0.00000E+00    0.00000E+00    0.00000E+00    0.00000E+00    0.00000E+00    0.00000E+00      0      0      0      0      0      0
    0.36108E-01      0      0      0    0.11371E+08    0.30981E+07    0.48683E+08    0.00000E+00    0.00000E+00    0.00000E+00    0.00000E+00    0.00000E+00    0.00000E+00    0.00000E+00    0.00000E+00    0.00000E+00      0      0      0      0      0      0
    0.36108E-01      0      0      0    0.11371E+08    0.30981E+07    0.48684E+08    0.00000E+00    0.00000E+00    0.00000E+00    0.00000E+00    0.00000E+00    0.00000E+00    0.00000E+00    0.00000E+00    0.00000E+00      0      0      0      0      0      0
    0.36106E-01      0      0      0    0.11371E+08    0.30981E+07    0.48680E+08    0.00000E+00    0.00000E+00    0.00000E+00    0.00000E+00    0.00000E+00    0.00000E+00    0.00000E+00    0.00000E+00    0.00000E+00      0      0      0      0      0      0
    0.36102E-01      0      0      0    0.11371E+08    0.30981E+07    0.48673E+08    0.00000E+00    0.00000E+00    0.00000E+00    0.00000E+00    0.00000E+00    0.00000E+00    0.00000E+00    0.00000E+00    0.00000E+00      0      0      0      0      0      0
    0.36106E-01      0      0      7    0.11371E+08    0.30981E+07    0.48681E+08    0.00000E+00    0.00000E+00    0.00000E+00    0.00000E+00    0.00000E+00    0.00000E+00    0.00000E+00    0.00000E+00    0.00000E+00      0      0      0      0      0      0
    0.36108E-01      0      0      0    0.11371E+08    0.30981E+07    0.48684E+08    0.00000E+00    0.00000E+00    0.00000E+00    0.00000E+00    0.00000E+00    0.00000E+00    0.00000E+00    0.00000E+00    0.00000E+00      0      0      0      0      0      0
    0.36108E-01      0      0      0    0.11371E+08    0.30981E+07    0.48684E+08    0.00000E+00    0.00000E+00    0.00000E+00    0.00000E+00    0.00000E+00    0.00000E+00    0.00000E+00    0.00000E+00    0.00000E+00      0      0      0      0      0      0
    0.36108E-01      0      0      0    0.11371E+08    0.30981E+07    0.48684E+08    0.00000E+00    0.00000E+00    0.00000E+00    0.00000E+00    0.00000E+00    0.00000E+00    0.00000E+00    0.00000E+00    0.00000E+00      0      0      0      0      0      0
    0.36108E-01      0      0      7    0.11371E+08    0.30981E+07    0.48684E+08    0.00000E+00    0.00000E+00    0.00000E+00    0.00000E+00    0.00000E+00    0.00000E+00    0.00000E+00    0.00000E+00    0.00000E+00      0      0      0      0      0      0
    0.36107E-01      0      0      7    0.11371E+08    0.30981E+07    0.48682E+08    0.00000E+00    0.00000E+00    0.00000E+00    0.00000E+00    0.00000E+00    0.00000E+00    0.00000E+00    0.00000E+00    0.00000E+00      0      0      0      0      0      0
    0.36108E-01      0      0      7    0.11371E+08    0.30981E+07    0.48683E+08    0.00000E+00    0.00000E+00    0.00000E+00    0.00000E+00    0.00000E+00    0.00000E+00    0.00000E+00    0.00000E+00    0.00000E+00      0      0      0      0      0      0
    0.36108E-01      0      0      7    0.11371E+08    0.30981E+07    0.48683E+08    0.00000E+00    0.00000E+00    0.00000E+00    0.00000E+00    0.00000E+00    0.00000E+00    0.00000E+00    0.00000E+00    0.00000E+00      0      0      0      0      0      0
    0.36108E-01      0      0      7    0.11371E+08    0.30981E+07    0.48683E+08    0.00000E+00    0.00000E+00    0.00000E+00    0.00000E+00    0.00000E+00    0.00000E+00    0.00000E+00    0.00000E+00    0.00000E+00      0      0      0      0      0      0
    0.36108E-01      0      0      7    0.11371E+08    0.30981E+07    0.48683E+08    0.00000E+00    0.00000E+00    0.00000E+00    0.00000E+00    0.00000E+00    0.00000E+00    0.00000E+00    0.00000E+00    0.00000E+00      0      0      0      0      0      0
    0.36108E-01      0      0      0    0.11371E+08    0.30981E+07    0.48683E+08    0.00000E+00    0.00000E+00    0.00000E+00    0.00000E+00    0.00000E+00    0.00000E+00    0.00000E+00    0.00000E+00    0.00000E+00      0      0      0      0      0      0
    0.36108E-01      0      0      7    0.11371E+08    0.30981E+07    0.48683E+08    0.00000E+00    0.00000E+00    0.00000E+00    0.00000E+00    0.00000E+00    0.00000E+00    0.00000E+00    0.00000E+00    0.00000E+00      0      0      0      0      0      0
    0.36109E-01      0      0      0    0.11371E+08    0.30981E+07    0.48684E+08    0.00000E+00    0.00000E+00    0.00000E+00    0.00000E+00    0.00000E+00    0.00000E+00    0.00000E+00    0.00000E+00    0.00000E+00      0      0      0      0      0      0
    0.36109E-01      0      0      0    0.11371E+08    0.30981E+07    0.48684E+08    0.00000E+00    0.00000E+00    0.00000E+00    0.00000E+00    0.00000E+00    0.00000E+00    0.00000E+00    0.00000E+00    0.00000E+00      0      0      0      0      0      0
    0.36107E-01      0      0      0    0.11371E+08    0.30981E+07    0.48681E+08    0.00000E+00    0.00000E+00    0.00000E+00    0.00000E+00    0.00000E+00    0.00000E+00    0.00000E+00    0.00000E+00    0.00000E+00      0      0      0      0      0      0
    0.36108E-01      0      0      7    0.11371E+08    0.30981E+07    0.48684E+08    0.00000E+00    0.00000E+00    0.00000E+00    0.00000E+00    0.00000E+00    0.00000E+00    0.00000E+00    0.00000E+00    0.00000E+00      0      0      0      0      0      0
    0.36108E-01      0      0      7    0.11371E+08    0.30981E+07    0.48684E+08    0.00000E+00    0.00000E+00    0.00000E+00    0.00000E+00    0.00000E+00    0.00000E+00    0.00000E+00    0.00000E+00    0.00000E+00      0      0      0      0      0      0
    0.36108E-01      0      0      7    0.11371E+08    0.30981E+07    0.48684E+08    0.00000E+00    0.00000E+00    0.00000E+00    0.00000E+00    0.00000E+00    0.00000E+00    0.00000E+00    0.00000E+00    0.00000E+00      0      0      0      0      0      0
    0.36109E-01      0      0      7    0.11371E+08    0.30981E+07    0.48684E+08    0.00000E+00    0.00000E+00    0.00000E+00    0.00000E+00    0.00000E+00    0.00000E+00    0.00000E+00    0.00000E+00    0.00000E+00      0      0      0      0      0      0
    0.36108E-01      0      0      7    0.11371E+08    0.30981E+07    0.48684E+08    0.00000E+00    0.00000E+00    0.00000E+00    0.00000E+00    0.00000E+00    0.00000E+00    0.00000E+00    0.00000E+00    0.00000E+00      0      0      0      0      0      0
    0.36109E-01      0      0      0    0.11371E+08    0.30981E+07    0.48685E+08    0.00000E+00    0.00000E+00    0.00000E+00    0.00000E+00    0.00000E+00    0.00000E+00    0.00000E+00    0.00000E+00    0.00000E+00      0      0      0      0      0      0
    0.36109E-01      0      0      0    0.11371E+08    0.30981E+07    0.48685E+08    0.00000E+00    0.00000E+00    0.00000E+00    0.00000E+00    0.00000E+00    0.00000E+00    0.00000E+00    0.00000E+00    0.00000E+00      0      0      0      0      0      0
    0.36109E-01      0      0      0    0.11371E+08    0.30981E+07    0.48685E+08    0.00000E+00    0.00000E+00    0.00000E+00    0.00000E+00    0.00000E+00    0.00000E+00    0.00000E+00    0.00000E+00    0.00000E+00      0      0      0      0      0      0
