  1.  1.  1.  1.  1.  1.  1.  1.  1.  1.  1.  1.
                   17
                 2464                 2464                 2464
      1      1578      1134       888      7      3      2      2      3      3  F      0  0
      2      1438      1274       888     70      4      4      4      1      1  F      0  0
      3      1592      1106       902     70      2      1      1      5      5  F      0  0
      4      1370      1274       956     34      5      6      6      2      2  F      0  0
      5      1592       966      1042     34      1      3      3      7      7  F      0  0
      6      1350      1294       956     10      4      8      8      4      4  F      0  0
      7      1524       966      1110     10      2      5      5      9      9  F      0  0
      8      1182      1294      1124     84      5     10     10      6      6  F      0  0
      9      1524       946      1130     84      1      7      7     11     11  F      0  0
     10      1182      1220      1198     37      6     12     12      8      8  F      0  0
     11      1356       946      1298     37      8      9      9     13     13  F      0  0
     12      1184      1216      1200      1      7     14     14     10     10  F      0  0
     13      1282      1020      1298      1      7     11     11     15     15  F      0  0
     14      1200      1200      1200      8      8     16      0     12     12  F      0  0
     15      1280      1024      1296      8      6     13     13     17      0  F      0  0
     16      1200      1200      1200      0      7      0      0     14     14  F      0  0
     17      1280      1040      1280      0      5     15     15      0      0  F      0  0
