  1.  0.  0.  0.  0.  0.  0.  0.  0.  0.  0.  0.
                   37
                 2464                 2464                 2464
      1      2016      1102       482     31      3     31     31     34     34  F      0  0  0
      2      1796      1322       482     47      4     32     32     33     31  F      0  0  0
      3      2078       852       670     47      2     36     34     37     37  F      0  0  0
      4      1230      1478       892     95      5     24     24     25     25  F      0  0  0
      5      1858       602      1140     95      1     28     28     29     29  F      0  0  0
      6      1110      1284      1206     61      6      8      8     10     10  F      0  0  0
      7      1476       674      1450     61      8     15     15      9      9  F      0  0  0
      8      1116      1272      1212      3      7     18     18      6      6  F      0  0  0
      9      1354       796      1450      3      7      7      7     19     19  F      0  0  0
     10      1110      1406      1084     24      5      6      6     12     12  F      0  0  0
     11      1602      1406       592     43      5     13     13     30     30  F      0  0  0
     12      1158      1406      1036     24      6     10     10     22     22  F      0  0  0
     13      1546      1462       592     28      4     23     23     11     11  F      0  0  0
     14      2054       674       872     43      1     35     35     16     16  F      0  0  0
     15      1524       674      1402     24      1     17     17      7      7  F      0  0  0
     16      1968       674       958     28      2     14     14     26     26  F      0  0  0
     17      1572       626      1402     24      8     27     27     15     15  F      0  0  0
     18      1188      1200      1212     36      8     20     20      8      8  F      0  0  0
     19      1348       808      1444     36      6      9      9     21     21  F      0  0  0
     20      1200      1200      1200      6      1      0      0     18     18  F      0  0  0
     21      1348       880      1372      6      5     19     19      0      0  F      0  0  0
     22      1158      1454       988     36      5     12     12     24     24  F      0  0  0
     23      1436      1462       702     55      5     25     25     13     13  F      0  0  0
     24      1230      1454       916     12      6     22     22      4      4  F      0  0  0
     25      1420      1478       702      8      4      4      4     23     23  F      0  0  0
     26      1968       618      1014     55      1     16     16     28     28  F      0  0  0
     27      1644       626      1330     36      1     29     29     17     17  F      0  0  0
     28      1858       618      1124      8      2     26     26      5      5  F      0  0  0
     29      1668       602      1330     12      8      5      5     27     27  F      0  0  0
     30      1688      1406       506     42      4     11     11     32     32  F      0  0  0
     31      1890      1228       482     63      4     33      2      1      1  F      0  0  0
     32      1772      1322       506     12      5     30     30      2      2  F      0  0  0
     33      1890      1228       482      0      3      2      2     31     31  F      0  0  0
     34      2078       978       544     63      2      1      1     36      3  F      0  0  0
     35      2054       758       788     42      2     37     37     14     14  F      0  0  0
     36      2078       852       670      0      3     34     34      3      3  F      0  0  0
     37      2078       758       764     12      1      3      3     35     35  F      0  0  0
