 1 1 1 1 1 1 1 1 1 1 1 1
                   48
                 3632                 4016                 4816
     1        2178      1990      3748    670        7       -3     -3     -1     -1    F        0    0
     2         838       654      2408    670       15       -1     -1     -1     -1    F        0    0
     3        3130      1990      1068    670        3       -1     -1     -1     -1    F        0    0
     4         838      3326      2408    670       11       -1     -1     -3     -3    F        0    0
     5         210      3202       888    670       11       -3     -3     -1     -1    F        0    0
     6        1550      1866      2228    670        7       -1     -1     -1     -1    F        0    0
     7         210       530       888    670       15       -1     -1     -1     -1    F        0    0
     8        2502      1866      4364    670        3       -1     -1     -3     -3    F        0    0
     9          26      1512      1854    670       23       -3     -3     -1     -1    F        0    0
    10         978       172      3194    670       27       -1     -1     -1     -1    F        0    0
    11        1930      1512      1854    670       19       -1     -1     -1     -1    F        0    0
    12         978      2852       514    670       31       -1     -1     -3     -3    F        0    0
    13        3336      3530       962    670       31       -3     -3     -1     -1    F        0    0
    14        2384      2190      2302    670       23       -1     -1     -1     -1    F        0    0
    15        3336       850      3642    670       27       -1     -1     -1     -1    F        0    0
    16         656      2190      2302    670       19       -1     -1     -3     -3    F        0    0
    17        1424      3488      4680    670       39       -3     -3     -1     -1    F        0    0
    18        2764       812      2544    670       43       -1     -1     -1     -1    F        0    0
    19        1424      3488       408    670       35       -1     -1     -1     -1    F        0    0
    20          84      2148      2544    670       47       -1     -1     -3     -3    F        0    0
    21        2400        32      1464    670       47       -3     -3     -1     -1    F        0    0
    22         108      1372      3600    670       35       -1     -1     -1     -1    F        0    0
    23        2400        32       920    670       43       -1     -1     -1     -1    F        0    0
    24        1060      2708      3600    670       39       -1     -1     -3     -3    F        0    0
    25        1280      3798      1902    670       51       -3     -3     -1     -1    F        0    0
    26        2620      2458      4582    670       59       -1     -1     -1     -1    F        0    0
    27         328      1118      1902    670       55       -1     -1     -1     -1    F        0    0
    28        2620      2458      4038    670       63       -1     -1     -3     -3    F        0    0
    29        1172       386      3526    670       59       -3     -3     -1     -1    F        0    0
    30        2512      3062       846    670       51       -1     -1     -1     -1    F        0    0
    31         220      1722      3526    670       63       -1     -1     -1     -1    F        0    0
    32        2512      3062      1390    670       55       -1     -1     -3     -3    F        0    0
    33        3458       822      1484    670       71       -3     -3     -1     -1    F        0    0
    34        2506      3498       144    670       79       -1     -1     -1     -1    F        0    0
    35        3458      2158      3620    670       67       -1     -1     -1     -1    F        0    0
    36         778      3498       144    670       75       -1     -1     -3     -3    F        0    0
    37        3254      3034      4764    670       79       -3     -3     -1     -1    F        0    0
    38         574      1694      3424    670       71       -1     -1     -1     -1    F        0    0
    39        3254       354      2084    670       75       -1     -1     -1     -1    F        0    0
    40        2302      1694      3424    670       67       -1     -1     -3     -3    F        0    0
    41         524       392      4172    670       87       -3     -3     -1     -1    F        0    0
    42        1864      1728      2832    670       95       -1     -1     -1     -1    F        0    0
    43        3204       392      1492    670       83       -1     -1     -1     -1    F        0    0
    44        1864      3072      2832    670       91       -1     -1     -3     -3    F        0    0
    45         238       354      4652    670       91       -3     -3     -1     -1    F        0    0
    46        2530      1690      1176    670       87       -1     -1     -1     -1    F        0    0
    47         238      3026      4652    670       95       -1     -1     -1     -1    F        0    0
    48        1578      1690      3312    670       83       -1     -1     -3     -3    F        0    0
 ------------------------------------------------------------------
 ------------------------------------------------------------------
 Latice simulation parameter =    1.2183007689602675E-003
 Size of the simulation box (microns) =    4.9000000000000004     
 Parallelepipede (Non : 0, Oui : PARA) :    4.4248683928636918        4.8926958881444342        5.8673365033126483     
 Number of domains used to homogenize the density (NbUd) =                     3
 Density (*10^12) =    2.0000000000000000     
 Length of sources (microns), dispertion), number of sources (total and per slip systems) =    4.0000000000000000        0.0000000000000000                        63                    1
 Tolerance :    1.2000000000000000     
 Angular dispersion of character   0.30402509550868967     
 Max :    3.0700799975891551     
 Ratio of occupation in domains =    1.0000000000000000     
 Histogramme of density distribution in domains    27.000000000000000     
                    1 <  0.34112000227367040        96.296296296296291      %
                    2 <  0.68224000454734079        0.0000000000000000      %
                    3 <   1.0233600296948897        0.0000000000000000      %
                    4 <   1.3644800090946816        0.0000000000000000      %
                    5 <   1.7056000799899871        0.0000000000000000      %
                    6 <   2.0467200593897794        0.0000000000000000      %
                    7 <   2.3878400387895713        0.0000000000000000      %
                    8 <   2.7289600181893632        0.0000000000000000      %
                    9 <   3.0700799975891551        0.0000000000000000      %
                   10 <   3.4112001599799742        3.7037037037037033      %
 Effective density =   1.5110770236067834       10^-12
