1 1 1                                           ! AXE Z
-1	 0	 1	-1	-1	-1	! SYSTEME 1
-1	 0	 1	 1	-1	 1	! 2
 0	 1	 1	 1	-1	 1	! 3
 0	 1	 1	 1	 1	-1	! 4
-1	 1	 0	 1	 1	-1	! 5
-1	 1	 0	-1	-1	-1	! 6
 1	 1	 0	-1	 1	 1	! 7
 1	 1	 0	 1	-1	 1	! 8
 0	 1	-1	-1	-1	-1	! 9
 0	 1	-1	-1	 1	 1	! 10
 1	 0	 1	 1	 1	-1	! 11
 1	 0	 1	-1	 1	 1	! 12
0.007  0.007		0.001				! 1 COEFF a0
0.002  0.002		0.001				! 2 a1 copla
1.95  1.629		0.001				! 3 a1 coliDevie
0.0583  0.0486     	0.001				! 4 a1 ortho Hirth
0.1428  0.119		0.001				! 5 a2 Glissile
0.1752  0.146		0.001				! 6 a3 Lomer
2.55d-10					! BURGERS
2.380952381d-6			! TauP = 1 / 420 000
42.E3                                          ! mu
