    KK    EPS_TOT    EPS_PLA    SIGMA    GAMMA    TAU    EPS_DOT    RHO_TOT    ALPHA    ZP_X    ZP_Y    ZP_Z    TIME
     200   0.00000E+00   0.00000E+00   0.00000E+00   0.00000E+00   0.00000E+00   0.00000E+00   0.25477E+10  -0.9240236   0.0000000   0.0000000   1.0000000    0.000000000000000
     400   0.19512E+00   0.40405E-06   0.23454E+03   0.98971E-06   0.95750E+02   0.77608E-01   0.33120E+10 154.3854422  -0.0000000   0.0000000   1.0000000    0.000000000000000
     600   0.19665E+00   0.45555E-06   0.23638E+03   0.11159E-05   0.96500E+02   0.87439E+01   0.34052E+10 153.4557372  -0.0000000   0.0000000   1.0000000    0.000000000000000
     800   0.19817E+00   0.45555E-06   0.23821E+03   0.11159E-05   0.97250E+02   0.80713E+01   0.34052E+10 154.6546101  -0.0000000   0.0000000   1.0000000    0.000000000000000
    1000   0.19970E+00   0.45555E-06   0.24005E+03   0.11159E-05   0.98000E+02   0.77350E+01   0.34052E+10 155.8534830  -0.0000000   0.0000000   1.0000000    0.000000000000000
    1200   0.20123E+00   0.45555E-06   0.24189E+03   0.11159E-05   0.98750E+02   0.73987E+01   0.34052E+10 157.0523560  -0.0000000   0.0000000   1.0000000    0.000000000000000
    1400   0.20276E+00   0.40405E-06   0.24372E+03   0.98971E-06   0.99500E+02  -0.97528E+01   0.33120E+10 160.4636092  -0.0000000   0.0000000   1.0000000    0.000000000000000
    1600   0.20429E+00   0.40405E-06   0.24556E+03   0.98971E-06   0.10025E+03  -0.10425E+02   0.33120E+10 161.6792426  -0.0000000   0.0000000   1.0000000    0.000000000000000
    1800   0.20582E+00   0.45753E-06   0.24740E+03   0.11207E-05   0.10100E+03  -0.33410E-14   0.34394E+10 159.8498435  -0.0000000   0.0000000   1.0000000    0.000000000000000
    2000   0.20734E+00   0.45753E-06   0.24924E+03   0.11207E-05   0.10175E+03  -0.22273E-14   0.34394E+10 161.0427528  -0.0000000   0.0000000   1.0000000    0.000000000000000
    2200   0.20887E+00   0.45753E-06   0.25107E+03   0.11207E-05   0.10250E+03   0.49373E-13   0.34394E+10 162.2356620  -0.0000000   0.0000000   1.0000000    0.000000000000000
    2400   0.21040E+00   0.45753E-06   0.25291E+03   0.11207E-05   0.10325E+03  -0.44547E-14   0.34394E+10 163.4285713  -0.0000000   0.0000000   1.0000000    0.000000000000000
    2600   0.21193E+00   0.45753E-06   0.25475E+03   0.11207E-05   0.10400E+03  -0.17721E+01   0.34394E+10 164.6214806  -0.0000000   0.0000000   1.0000000    0.000000000000000
    2800   0.21346E+00   0.50506E-06   0.25658E+03   0.12371E-05   0.10475E+03   0.13297E+02   0.35326E+10 163.6112285  -0.0000000   0.0000000   1.0000000    0.000000000000000
    3000   0.21499E+00   0.45753E-06   0.25842E+03   0.11207E-05   0.10550E+03  -0.28456E+01   0.34394E+10 167.0072991  -0.0000000   0.0000000   1.0000000    0.000000000000000
    3200   0.21651E+00   0.45753E-06   0.26026E+03   0.11207E-05   0.10625E+03  -0.28974E+01   0.34394E+10 168.2002084  -0.0000000   0.0000000   1.0000000    0.000000000000000
    3400   0.21804E+00   0.45753E-06   0.26210E+03   0.11207E-05   0.10700E+03  -0.32725E+01   0.34394E+10 169.3931177  -0.0000000   0.0000000   1.0000000    0.000000000000000
    3600   0.21957E+00   0.45753E-06   0.26393E+03   0.11207E-05   0.10775E+03  -0.37252E+01   0.34394E+10 170.5860270  -0.0000000   0.0000000   1.0000000    0.000000000000000
    3800   0.22110E+00   0.45753E-06   0.26577E+03   0.11207E-05   0.10850E+03  -0.40356E+01   0.34394E+10 171.7789363  -0.0000000   0.0000000   1.0000000    0.000000000000000
    4000   0.22263E+00   0.45753E-06   0.26761E+03   0.11207E-05   0.10925E+03  -0.46565E+01   0.34394E+10 172.9718455  -0.0000000   0.0000000   1.0000000    0.000000000000000
    4200   0.22416E+00   0.50506E-06   0.26944E+03   0.12371E-05   0.11000E+03   0.10244E+02   0.35326E+10 171.8506429  -0.0000000   0.0000000   1.0000000    0.000000000000000
    4400   0.22568E+00   0.26342E-06   0.27128E+03   0.64526E-06   0.11075E+03  -0.26128E+02   0.34394E+10 175.3576641  -0.0000000   0.0000000   1.0000000    0.000000000000000
    4600   0.22721E+00   0.57438E-06   0.27312E+03   0.14069E-05   0.11150E+03   0.11176E+02   0.45858E+10 152.8972816  -0.0000000   0.0000000   1.0000000    0.000000000000000
    4800   0.22874E+00   0.57438E-06   0.27496E+03   0.14069E-05   0.11225E+03  -0.43978E+01   0.45858E+10 153.9303713  -0.0000000   0.0000000   1.0000000    0.000000000000000
    5000   0.23027E+00   0.62588E-06   0.27679E+03   0.15331E-05   0.11300E+03   0.23153E+01   0.48406E+10 150.8303573  -0.0000000   0.0000000   1.0000000    0.000000000000000
    5200   0.23180E+00   0.71897E-06   0.27863E+03   0.17611E-05   0.11375E+03   0.18264E+02   0.50612E+10 148.4895036  -0.0000000   0.0000000   1.0000000    0.000000000000000
    5400   0.23333E+00   0.72689E-06   0.28047E+03   0.17805E-05   0.11450E+03   0.95458E+01   0.52227E+10 147.1434582  -0.0000000   0.0000000   1.0000000    0.000000000000000
    5600   0.23485E+00   0.67936E-06   0.28230E+03   0.16641E-05   0.11525E+03  -0.11771E+02   0.52227E+10 148.1115072  -0.0000000   0.0000000   1.0000000    0.000000000000000
    5800   0.23638E+00   0.72689E-06   0.28414E+03   0.17805E-05   0.11600E+03   0.25611E+01   0.53160E+10 147.7662174  -0.0000000   0.0000000   1.0000000    0.000000000000000
    6000   0.23791E+00   0.72689E-06   0.28598E+03   0.17805E-05   0.11675E+03   0.62087E+00   0.52227E+10 150.0476054  -0.0000000   0.0000000   1.0000000    0.000000000000000
    6200   0.23944E+00   0.67936E-06   0.28782E+03   0.16641E-05   0.11750E+03  -0.15832E+02   0.52227E+10 151.0156544  -0.0000000   0.0000000   1.0000000    0.000000000000000
    6400   0.24097E+00   0.77443E-06   0.28965E+03   0.18970E-05   0.11825E+03   0.13659E+02   0.53160E+10 150.6447801  -0.0000000   0.0000000   1.0000000    0.000000000000000
    6600   0.24250E+00   0.72689E-06   0.29149E+03   0.17805E-05   0.11900E+03  -0.29491E+01   0.53160E+10 151.6043010  -0.0000000   0.0000000   1.0000000    0.000000000000000
    6800   0.24402E+00   0.73085E-06   0.29333E+03   0.17902E-05   0.11975E+03  -0.93777E+01   0.54775E+10 150.2976519  -0.0000000   0.0000000   1.0000000    0.000000000000000
    7000   0.24555E+00   0.78235E-06   0.29516E+03   0.19164E-05   0.12050E+03  -0.38546E+01   0.54775E+10 151.2429201  -0.0000000   0.0000000   1.0000000    0.000000000000000
    7200   0.24708E+00   0.82989E-06   0.29700E+03   0.20328E-05   0.12125E+03   0.10529E+02   0.55708E+10 150.9090389  -0.0000000   0.0000000   1.0000000    0.000000000000000
    7400   0.24861E+00   0.78235E-06   0.29884E+03   0.19164E-05   0.12200E+03  -0.71141E+01   0.54775E+10 153.1334566  -0.0000000   0.0000000   1.0000000    0.000000000000000
    7600   0.25014E+00   0.78235E-06   0.30067E+03   0.19164E-05   0.12275E+03  -0.78902E+01   0.54775E+10 154.0787249  -0.0000000   0.0000000   1.0000000    0.000000000000000
    7800   0.25167E+00   0.82989E-06   0.30251E+03   0.20328E-05   0.12350E+03   0.60535E+01   0.55708E+10 153.7210085  -0.0000000   0.0000000   1.0000000    0.000000000000000
    8000   0.25319E+00   0.86158E-06   0.30435E+03   0.21104E-05   0.12425E+03  -0.46565E+00   0.57323E+10 152.4638865  -0.0000000   0.0000000   1.0000000    0.000000000000000
    8200   0.25472E+00   0.89525E-06   0.30619E+03   0.21929E-05   0.12500E+03  -0.23360E+02   0.61144E+10 148.5172053  -0.0000000   0.0000000   1.0000000    0.000000000000000
    8400   0.25625E+00   0.10775E-05   0.30802E+03   0.26392E-05   0.12575E+03   0.56007E+01   0.66240E+10 143.5502980  -0.0000000   0.0000000   1.0000000    0.000000000000000
    8600   0.25778E+00   0.10775E-05   0.30986E+03   0.26392E-05   0.12650E+03  -0.93906E+01   0.66240E+10 144.4098806  -0.0000000   0.0000000   1.0000000    0.000000000000000
    8800   0.25931E+00   0.15350E-05   0.31170E+03   0.37599E-05   0.12725E+03   0.18199E+02   0.92990E+10 122.6068045  -0.0000000   0.0000000   1.0000000    0.000000000000000
    9000   0.26084E+00   0.23589E-05   0.31353E+03   0.57782E-05   0.12800E+03   0.15690E+02   0.10971E+11 113.5468858  -0.0000000   0.0000000   1.0000000    0.000000000000000
    9200   0.26237E+00   0.59181E-05   0.31537E+03   0.14496E-04   0.12875E+03   0.30857E+03   0.16933E+11  91.9341452  -0.0000001   0.0000000   1.0000000    0.000000000000000
    9400   0.26391E+00   0.20931E-04   0.31721E+03   0.51271E-04   0.12950E+03   0.91423E+03   0.33238E+11  66.0020210  -0.0000002   0.0000000   1.0000000    0.000000000000000
    9600   0.26548E+00   0.63828E-04   0.31905E+03   0.15635E-03   0.13025E+03   0.22314E+04   0.62816E+11  48.2899967  -0.0000006   0.0000000   1.0000000    0.000000000000000
    9800   0.26710E+00   0.15135E-03   0.32088E+03   0.37074E-03   0.13100E+03   0.44451E+04   0.91686E+11  40.2015755  -0.0000015   0.0000000   1.0000000    0.000000000000000
   10000   0.26876E+00   0.28502E-03   0.32272E+03   0.69816E-03   0.13175E+03   0.61643E+04   0.12341E+12  34.8506254  -0.0000028   0.0000000   1.0000000    0.000000000000000
   10200   0.27048E+00   0.47237E-03   0.32456E+03   0.11571E-02   0.13250E+03   0.82533E+04   0.15837E+12  30.9402528  -0.0000047   0.0000000   1.0000000    0.000000000000000
